Wavenumber (cm⁻¹),Absorption Coefficient,Mole Fraction,Temperature (K),Pressure (atm),Pathlength (cm)
3100.0,4.7835989809e-24,0.1,300.0,1.0,10.0
3111.1111111111113,3.8412577180e-24,0.1,300.0,1.0,10.0
3122.222222222222,8.0588011446e-23,0.1,300.0,1.0,10.0
3133.3333333333335,8.3868811217e-23,0.1,300.0,1.0,10.0
3144.4444444444443,3.3849717601e-25,0.1,300.0,1.0,10.0
3155.5555555555557,4.4358585163e-25,0.1,300.0,1.0,10.0
3166.6666666666665,2.4363776344e-24,0.1,300.0,1.0,10.0
3177.777777777778,5.7872932552e-23,0.1,300.0,1.0,10.0
3188.8888888888887,3.3074571733e-25,0.1,300.0,1.0,10.0
3200.0,9.7767871034e-24,0.1,300.0,1.0,10.0
3100.0,4.5494030867e-24,0.1,310.0,1.0,10.0
3111.1111111111113,3.8308285731e-24,0.1,310.0,1.0,10.0
3122.222222222222,7.8384330031e-23,0.1,310.0,1.0,10.0
3133.3333333333335,7.9462776069e-23,0.1,310.0,1.0,10.0
3144.4444444444443,3.3403512925e-25,0.1,310.0,1.0,10.0
3155.5555555555557,4.5539335425e-25,0.1,310.0,1.0,10.0
3166.6666666666665,2.5792498993e-24,0.1,310.0,1.0,10.0
3177.777777777778,5.4397410438e-23,0.1,310.0,1.0,10.0
3188.8888888888887,3.2047173125e-25,0.1,310.0,1.0,10.0
3200.0,9.3657957130e-24,0.1,310.0,1.0,10.0
3100.0,4.3311628106e-24,0.1,320.0,1.0,10.0
3111.1111111111113,3.8158118379e-24,0.1,320.0,1.0,10.0
3122.222222222222,7.6203736442e-23,0.1,320.0,1.0,10.0
3133.3333333333335,7.5346235405e-23,0.1,320.0,1.0,10.0
3144.4444444444443,3.3168776253e-25,0.1,320.0,1.0,10.0
3155.5555555555557,4.7115728868e-25,0.1,320.0,1.0,10.0
3166.6666666666665,2.7347241978e-24,0.1,320.0,1.0,10.0
3177.777777777778,5.1218966296e-23,0.1,320.0,1.0,10.0
3188.8888888888887,3.1257677146e-25,0.1,320.0,1.0,10.0
3200.0,8.9800535528e-24,0.1,320.0,1.0,10.0
3100.0,4.1276084867e-24,0.1,330.0,1.0,10.0
3111.1111111111113,3.7852594772e-24,0.1,330.0,1.0,10.0
3122.222222222222,7.4062268119e-23,0.1,330.0,1.0,10.0
3133.3333333333335,7.1606701856e-23,0.1,330.0,1.0,10.0
3144.4444444444443,3.3145242414e-25,0.1,330.0,1.0,10.0
3155.5555555555557,4.8748668824e-25,0.1,330.0,1.0,10.0
3166.6666666666665,2.9036306303e-24,0.1,330.0,1.0,10.0
3177.777777777778,4.8302874061e-23,0.1,330.0,1.0,10.0
3188.8888888888887,3.0697153904e-25,0.1,330.0,1.0,10.0
3200.0,8.6183836540e-24,0.1,330.0,1.0,10.0
3100.0,3.9375919370e-24,0.1,340.0,1.0,10.0
3111.1111111111113,3.7578068634e-24,0.1,340.0,1.0,10.0
3122.222222222222,7.1827179713e-23,0.1,340.0,1.0,10.0
3133.3333333333335,6.8153983844e-23,0.1,340.0,1.0,10.0
3144.4444444444443,3.3333530502e-25,0.1,340.0,1.0,10.0
3155.5555555555557,4.9924769745e-25,0.1,340.0,1.0,10.0
3166.6666666666665,3.0860487018e-24,0.1,340.0,1.0,10.0
3177.777777777778,4.5630013867e-23,0.1,340.0,1.0,10.0
3188.8888888888887,3.0355824992e-25,0.1,340.0,1.0,10.0
3200.0,8.2796080295e-24,0.1,340.0,1.0,10.0
3100.0,3.7600558444e-24,0.1,350.0,1.0,10.0
3111.1111111111113,3.7304141585e-24,0.1,350.0,1.0,10.0
3122.222222222222,6.9778469075e-23,0.1,350.0,1.0,10.0
3133.3333333333335,6.4962159903e-23,0.1,350.0,1.0,10.0
3144.4444444444443,3.3673730949e-25,0.1,350.0,1.0,10.0
3155.5555555555557,5.1806950365e-25,0.1,350.0,1.0,10.0
3166.6666666666665,3.2820670600e-24,0.1,350.0,1.0,10.0
3177.777777777778,4.3173055636e-23,0.1,350.0,1.0,10.0
3188.8888888888887,3.0226024356e-25,0.1,350.0,1.0,10.0
3200.0,7.9625357478e-24,0.1,350.0,1.0,10.0
3100.0,3.5940441166e-24,0.1,360.0,1.0,10.0
3111.1111111111113,3.7008861000e-24,0.1,360.0,1.0,10.0
3122.222222222222,6.7785301184e-23,0.1,360.0,1.0,10.0
3133.3333333333335,6.2008008062e-23,0.1,360.0,1.0,10.0
3144.4444444444443,3.4273090123e-25,0.1,360.0,1.0,10.0
3155.5555555555557,5.3885227599e-25,0.1,360.0,1.0,10.0
3166.6666666666665,3.4915907787e-24,0.1,360.0,1.0,10.0
3177.777777777778,4.0911124466e-23,0.1,360.0,1.0,10.0
3188.8888888888887,3.0301258487e-25,0.1,360.0,1.0,10.0
3200.0,7.6660110786e-24,0.1,360.0,1.0,10.0
3100.0,3.4386803240e-24,0.1,370.0,1.0,10.0
3111.1111111111113,3.6691586045e-24,0.1,370.0,1.0,10.0
3122.222222222222,6.5846395881e-23,0.1,370.0,1.0,10.0
3133.3333333333335,5.9270479157e-23,0.1,370.0,1.0,10.0
3144.4444444444443,3.5073330705e-25,0.1,370.0,1.0,10.0
3155.5555555555557,5.6214420705e-25,0.1,370.0,1.0,10.0
3166.6666666666665,3.7143536666e-24,0.1,370.0,1.0,10.0
3177.777777777778,3.8826062025e-23,0.1,370.0,1.0,10.0
3188.8888888888887,3.0574738812e-25,0.1,370.0,1.0,10.0
3200.0,7.3886256219e-24,0.1,370.0,1.0,10.0
3100.0,3.2931696149e-24,0.1,380.0,1.0,10.0
3111.1111111111113,3.6353669647e-24,0.1,380.0,1.0,10.0
3122.222222222222,6.3963518207e-23,0.1,380.0,1.0,10.0
3133.3333333333335,5.6730604795e-23,0.1,380.0,1.0,10.0
3144.4444444444443,3.6068698214e-25,0.1,380.0,1.0,10.0
3155.5555555555557,5.8848067456e-25,0.1,380.0,1.0,10.0
3166.6666666666665,3.9499501905e-24,0.1,380.0,1.0,10.0
3177.777777777778,3.6901088688e-23,0.1,380.0,1.0,10.0
3188.8888888888887,3.1043537736e-25,0.1,380.0,1.0,10.0
3200.0,7.1297668004e-24,0.1,380.0,1.0,10.0
3100.0,3.1567888255e-24,0.1,390.0,1.0,10.0
3111.1111111111113,3.6004346892e-24,0.1,390.0,1.0,10.0
3122.222222222222,6.2137723492e-23,0.1,390.0,1.0,10.0
3133.3333333333335,5.4371225630e-23,0.1,390.0,1.0,10.0
3144.4444444444443,3.7250701941e-25,0.1,390.0,1.0,10.0
3155.5555555555557,6.1850259920e-25,0.1,390.0,1.0,10.0
3166.6666666666665,4.1978457300e-24,0.1,390.0,1.0,10.0
3177.777777777778,3.5122428356e-23,0.1,390.0,1.0,10.0
3188.8888888888887,3.1702756908e-25,0.1,390.0,1.0,10.0
3200.0,6.8881362552e-24,0.1,390.0,1.0,10.0
3100.0,1.2254136181e-23,0.2,300.0,1.0,10.0
3111.1111111111113,1.0062418520e-23,0.2,300.0,1.0,10.0
3122.222222222222,1.8174202689e-22,0.2,300.0,1.0,10.0
3133.3333333333335,1.8794014850e-22,0.2,300.0,1.0,10.0
3144.4444444444443,8.6621335971e-25,0.2,300.0,1.0,10.0
3155.5555555555557,9.8589031238e-25,0.2,300.0,1.0,10.0
3166.6666666666665,4.7821065038e-24,0.2,300.0,1.0,10.0
3177.777777777778,1.3446150335e-22,0.2,300.0,1.0,10.0
3188.8888888888887,1.1428936404e-24,0.2,300.0,1.0,10.0
3200.0,2.2806619153e-23,0.2,300.0,1.0,10.0
3100.0,1.1661298575e-23,0.2,310.0,1.0,10.0
3111.1111111111113,1.0032717523e-23,0.2,310.0,1.0,10.0
3122.222222222222,1.7753853678e-22,0.2,310.0,1.0,10.0
3133.3333333333335,1.7880463926e-22,0.2,310.0,1.0,10.0
3144.4444444444443,8.5352968907e-25,0.2,310.0,1.0,10.0
3155.5555555555557,1.0248466079e-24,0.2,310.0,1.0,10.0
3166.6666666666665,5.0966414505e-24,0.2,310.0,1.0,10.0
3177.777777777778,1.2676672236e-22,0.2,310.0,1.0,10.0
3188.8888888888887,9.0225916852e-25,0.2,310.0,1.0,10.0
3200.0,2.1921705384e-23,0.2,310.0,1.0,10.0
3100.0,1.1036551870e-23,0.2,320.0,1.0,10.0
3111.1111111111113,9.7699533778e-24,0.2,320.0,1.0,10.0
3122.222222222222,1.7332879522e-22,0.2,320.0,1.0,10.0
3133.3333333333335,1.7033925802e-22,0.2,320.0,1.0,10.0
3144.4444444444443,8.4428189850e-25,0.2,320.0,1.0,10.0
3155.5555555555557,1.0662790787e-24,0.2,320.0,1.0,10.0
3166.6666666666665,5.4499898290e-24,0.2,320.0,1.0,10.0
3177.777777777778,1.1970063971e-22,0.2,320.0,1.0,10.0
3188.8888888888887,8.7774456330e-25,0.2,320.0,1.0,10.0
3200.0,2.1085613462e-23,0.2,320.0,1.0,10.0
3100.0,1.0515932424e-23,0.2,330.0,1.0,10.0
3111.1111111111113,9.6733313361e-24,0.2,330.0,1.0,10.0
3122.222222222222,1.6912618225e-22,0.2,330.0,1.0,10.0
3133.3333333333335,1.6248835404e-22,0.2,330.0,1.0,10.0
3144.4444444444443,8.4157405359e-25,0.2,330.0,1.0,10.0
3155.5555555555557,1.1095031937e-24,0.2,330.0,1.0,10.0
3166.6666666666665,5.8387294103e-24,0.2,330.0,1.0,10.0
3177.777777777778,1.1319906750e-22,0.2,330.0,1.0,10.0
3188.8888888888887,8.5975885779e-25,0.2,330.0,1.0,10.0
3200.0,2.0296818473e-23,0.2,330.0,1.0,10.0
3100.0,1.0035368510e-23,0.2,340.0,1.0,10.0
3111.1111111111113,9.5260989691e-24,0.2,340.0,1.0,10.0
3122.222222222222,1.6494141547e-22,0.2,340.0,1.0,10.0
3133.3333333333335,1.5520060425e-22,0.2,340.0,1.0,10.0
3144.4444444444443,8.4416087203e-25,0.2,340.0,1.0,10.0
3155.5555555555557,1.1527885548e-24,0.2,340.0,1.0,10.0
3166.6666666666665,6.2632205781e-24,0.2,340.0,1.0,10.0
3177.777777777778,1.0719641098e-22,0.2,340.0,1.0,10.0
3188.8888888888887,8.4790678198e-25,0.2,340.0,1.0,10.0
3200.0,1.9553664439e-23,0.2,340.0,1.0,10.0
3100.0,9.5861241173e-24,0.2,350.0,1.0,10.0
3111.1111111111113,9.4636125006e-24,0.2,350.0,1.0,10.0
3122.222222222222,1.6079020420e-22,0.2,350.0,1.0,10.0
3133.3333333333335,1.4843062952e-22,0.2,350.0,1.0,10.0
3144.4444444444443,8.5120582915e-25,0.2,350.0,1.0,10.0
3155.5555555555557,1.2021745542e-24,0.2,350.0,1.0,10.0
3166.6666666666665,6.7236618260e-24,0.2,350.0,1.0,10.0
3177.777777777778,1.0166899658e-22,0.2,350.0,1.0,10.0
3188.8888888888887,8.3901854839e-25,0.2,350.0,1.0,10.0
3200.0,1.8854345640e-23,0.2,350.0,1.0,10.0
3100.0,9.1645195906e-24,0.2,360.0,1.0,10.0
3111.1111111111113,9.3942358874e-24,0.2,360.0,1.0,10.0
3122.222222222222,1.5671619563e-22,0.2,360.0,1.0,10.0
3133.3333333333335,1.4213463809e-22,0.2,360.0,1.0,10.0
3144.4444444444443,8.4561812738e-25,0.2,360.0,1.0,10.0
3155.5555555555557,1.2557065551e-24,0.2,360.0,1.0,10.0
3166.6666666666665,7.2173527197e-24,0.2,360.0,1.0,10.0
3177.777777777778,9.6474623055e-23,0.2,360.0,1.0,10.0
3188.8888888888887,8.3843651981e-25,0.2,360.0,1.0,10.0
3200.0,1.8197031194e-23,0.2,360.0,1.0,10.0
3100.0,8.7708598239e-24,0.2,370.0,1.0,10.0
3111.1111111111113,9.3190732962e-24,0.2,370.0,1.0,10.0
3122.222222222222,1.5267132130e-22,0.2,370.0,1.0,10.0
3133.3333333333335,1.3622429556e-22,0.2,370.0,1.0,10.0
3144.4444444444443,8.6350852097e-25,0.2,370.0,1.0,10.0
3155.5555555555557,1.3141761195e-24,0.2,370.0,1.0,10.0
3166.6666666666665,7.7418323030e-24,0.2,370.0,1.0,10.0
3177.777777777778,9.1758117353e-23,0.2,370.0,1.0,10.0
3188.8888888888887,8.4291136949e-25,0.2,370.0,1.0,10.0
3200.0,1.7579823235e-23,0.2,370.0,1.0,10.0
3100.0,8.4019972421e-24,0.2,380.0,1.0,10.0
3111.1111111111113,9.2392333959e-24,0.2,380.0,1.0,10.0
3122.222222222222,1.4875985683e-22,0.2,380.0,1.0,10.0
3133.3333333333335,1.3076688472e-22,0.2,380.0,1.0,10.0
3144.4444444444443,8.8564724584e-25,0.2,380.0,1.0,10.0
3155.5555555555557,1.3783176965e-24,0.2,380.0,1.0,10.0
3166.6666666666665,8.3066764278e-24,0.2,380.0,1.0,10.0
3177.777777777778,8.7391545806e-23,0.2,380.0,1.0,10.0
3188.8888888888887,8.5273420597e-25,0.2,380.0,1.0,10.0
3200.0,1.7000824560e-23,0.2,380.0,1.0,10.0
3100.0,8.0561302534e-24,0.2,390.0,1.0,10.0
3111.1111111111113,9.1450522316e-24,0.2,390.0,1.0,10.0
3122.222222222222,1.4493586343e-22,0.2,390.0,1.0,10.0
3133.3333333333335,1.2567758559e-22,0.2,390.0,1.0,10.0
3144.4444444444443,9.1308118547e-25,0.2,390.0,1.0,10.0
3155.5555555555557,1.4497725017e-24,0.2,390.0,1.0,10.0
3166.6666666666665,8.9041757589e-24,0.2,390.0,1.0,10.0
3177.777777777778,8.3344812087e-23,0.2,390.0,1.0,10.0
3188.8888888888887,8.6262498013e-25,0.2,390.0,1.0,10.0
3200.0,1.6458140376e-23,0.2,390.0,1.0,10.0
3100.0,2.2209850029e-23,0.30000000000000004,300.0,1.0,10.0
3111.1111111111113,1.8424567249e-23,0.30000000000000004,300.0,1.0,10.0
3122.222222222222,2.9057393406e-22,0.30000000000000004,300.0,1.0,10.0
3133.3333333333335,3.0018230727e-22,0.30000000000000004,300.0,1.0,10.0
3144.4444444444443,1.5555533121e-24,0.30000000000000004,300.0,1.0,10.0
3155.5555555555557,1.5535985646e-24,0.30000000000000004,300.0,1.0,10.0
3166.6666666666665,7.2066561441e-24,0.30000000000000004,300.0,1.0,10.0
3177.777777777778,2.2253815555e-22,0.30000000000000004,300.0,1.0,10.0
3188.8888888888887,2.0936383887e-24,0.30000000000000004,300.0,1.0,10.0
3200.0,3.7657749045e-23,0.30000000000000004,300.0,1.0,10.0
3100.0,2.1145601257e-23,0.30000000000000004,310.0,1.0,10.0
3111.1111111111113,1.8363526639e-23,0.30000000000000004,310.0,1.0,10.0
3122.222222222222,2.8506216712e-22,0.30000000000000004,310.0,1.0,10.0
3133.3333333333335,2.8673893292e-22,0.30000000000000004,310.0,1.0,10.0
3144.4444444444443,1.5304317739e-24,0.30000000000000004,310.0,1.0,10.0
3155.5555555555557,1.6258937434e-24,0.30000000000000004,310.0,1.0,10.0
3166.6666666666665,7.7245246707e-24,0.30000000000000004,310.0,1.0,10.0
3177.777777777778,2.1047453026e-22,0.30000000000000004,310.0,1.0,10.0
3188.8888888888887,2.0188273709e-24,0.30000000000000004,310.0,1.0,10.0
3200.0,3.6310539443e-23,0.30000000000000004,310.0,1.0,10.0
3100.0,2.0151818816e-23,0.30000000000000004,320.0,1.0,10.0
3111.1111111111113,1.8280679113e-23,0.30000000000000004,320.0,1.0,10.0
3122.222222222222,2.7938154203e-22,0.30000000000000004,320.0,1.0,10.0
3133.3333333333335,2.7421208929e-22,0.30000000000000004,320.0,1.0,10.0
3144.4444444444443,1.5145757665e-24,0.30000000000000004,320.0,1.0,10.0
3155.5555555555557,1.6974075473e-24,0.30000000000000004,320.0,1.0,10.0
3166.6666666666665,8.3034905314e-24,0.30000000000000004,320.0,1.0,10.0
3177.777777777778,1.9934038524e-22,0.30000000000000004,320.0,1.0,10.0
3188.8888888888887,1.9560067447e-24,0.30000000000000004,320.0,1.0,10.0
3200.0,3.5030249809e-23,0.30000000000000004,320.0,1.0,10.0
3100.0,1.9223403676e-23,0.30000000000000004,330.0,1.0,10.0
3111.1111111111113,1.7910442436e-23,0.30000000000000004,330.0,1.0,10.0
3122.222222222222,2.7364760352e-22,0.30000000000000004,330.0,1.0,10.0
3133.3333333333335,2.6252572224e-22,0.30000000000000004,330.0,1.0,10.0
3144.4444444444443,1.5080629438e-24,0.30000000000000004,330.0,1.0,10.0
3155.5555555555557,1.7762937089e-24,0.30000000000000004,330.0,1.0,10.0
3166.6666666666665,8.9456771895e-24,0.30000000000000004,330.0,1.0,10.0
3177.777777777778,1.8905148309e-22,0.30000000000000004,330.0,1.0,10.0
3188.8888888888887,1.9076630272e-24,0.30000000000000004,330.0,1.0,10.0
3200.0,3.3815734427e-23,0.30000000000000004,330.0,1.0,10.0
3100.0,1.8355357985e-23,0.30000000000000004,340.0,1.0,10.0
3111.1111111111113,1.7802516888e-23,0.30000000000000004,340.0,1.0,10.0
3122.222222222222,2.6786850841e-22,0.30000000000000004,340.0,1.0,10.0
3133.3333333333335,2.5159450991e-22,0.30000000000000004,340.0,1.0,10.0
3144.4444444444443,1.5100336110e-24,0.30000000000000004,340.0,1.0,10.0
3155.5555555555557,1.8595614764e-24,0.30000000000000004,340.0,1.0,10.0
3166.6666666666665,9.6524124367e-24,0.30000000000000004,340.0,1.0,10.0
3177.777777777778,1.7953312702e-22,0.30000000000000004,340.0,1.0,10.0
3188.8888888888887,1.8649865433e-24,0.30000000000000004,340.0,1.0,10.0
3200.0,3.2665529604e-23,0.30000000000000004,340.0,1.0,10.0
3100.0,1.7543138546e-23,0.30000000000000004,350.0,1.0,10.0
3111.1111111111113,1.7681369758e-23,0.30000000000000004,350.0,1.0,10.0
3122.222222222222,2.6207833821e-22,0.30000000000000004,350.0,1.0,10.0
3133.3333333333335,2.4142637769e-22,0.30000000000000004,350.0,1.0,10.0
3144.4444444444443,1.5205471182e-24,0.30000000000000004,350.0,1.0,10.0
3155.5555555555557,1.9486001922e-24,0.30000000000000004,350.0,1.0,10.0
3166.6666666666665,1.0424212497e-23,0.30000000000000004,350.0,1.0,10.0
3177.777777777778,1.7069922483e-22,0.30000000000000004,350.0,1.0,10.0
3188.8888888888887,1.8408531615e-24,0.30000000000000004,350.0,1.0,10.0
3200.0,3.1577810461e-23,0.30000000000000004,350.0,1.0,10.0
3100.0,1.6782612886e-23,0.30000000000000004,360.0,1.0,10.0
3111.1111111111113,1.7547652153e-23,0.30000000000000004,360.0,1.0,10.0
3122.222222222222,2.5630598323e-22,0.30000000000000004,360.0,1.0,10.0
3133.3333333333335,2.3192929074e-22,0.30000000000000004,360.0,1.0,10.0
3144.4444444444443,1.5419823582e-24,0.30000000000000004,360.0,1.0,10.0
3155.5555555555557,2.0430652696e-24,0.30000000000000004,360.0,1.0,10.0
3166.6666666666665,1.1259443268e-23,0.30000000000000004,360.0,1.0,10.0
3177.777777777778,1.6252725611e-22,0.30000000000000004,360.0,1.0,10.0
3188.8888888888887,1.8213226909e-24,0.30000000000000004,360.0,1.0,10.0
3200.0,3.0550686834e-23,0.30000000000000004,360.0,1.0,10.0
3100.0,1.6069966983e-23,0.30000000000000004,370.0,1.0,10.0
3111.1111111111113,1.7403427726e-23,0.30000000000000004,370.0,1.0,10.0
3122.222222222222,2.5057515919e-22,0.30000000000000004,370.0,1.0,10.0
3133.3333333333335,2.2305269016e-22,0.30000000000000004,370.0,1.0,10.0
3144.4444444444443,1.5684322954e-24,0.30000000000000004,370.0,1.0,10.0
3155.5555555555557,2.1446671030e-24,0.30000000000000004,370.0,1.0,10.0
3166.6666666666665,1.2159805452e-23,0.30000000000000004,370.0,1.0,10.0
3177.777777777778,1.5492729901e-22,0.30000000000000004,370.0,1.0,10.0
3188.8888888888887,1.8191466020e-24,0.30000000000000004,370.0,1.0,10.0
3200.0,2.9581935370e-23,0.30000000000000004,370.0,1.0,10.0
3100.0,1.5401723120e-23,0.30000000000000004,380.0,1.0,10.0
3111.1111111111113,1.7250362063e-23,0.30000000000000004,380.0,1.0,10.0
3122.222222222222,2.4490548960e-22,0.30000000000000004,380.0,1.0,10.0
3133.3333333333335,2.1467927372e-22,0.30000000000000004,380.0,1.0,10.0
3144.4444444444443,1.6078296451e-24,0.30000000000000004,380.0,1.0,10.0
3155.5555555555557,2.2561731701e-24,0.30000000000000004,380.0,1.0,10.0
3166.6666666666665,1.3122469765e-23,0.30000000000000004,380.0,1.0,10.0
3177.777777777778,1.4788537367e-22,0.30000000000000004,380.0,1.0,10.0
3188.8888888888887,1.8276278937e-24,0.30000000000000004,380.0,1.0,10.0
3200.0,2.8669421709e-23,0.30000000000000004,380.0,1.0,10.0
3100.0,1.4774696754e-23,0.30000000000000004,390.0,1.0,10.0
3111.1111111111113,1.7090638834e-23,0.30000000000000004,390.0,1.0,10.0
3122.222222222222,2.3931282951e-22,0.30000000000000004,390.0,1.0,10.0
3133.3333333333335,2.0689715782e-22,0.30000000000000004,390.0,1.0,10.0
3144.4444444444443,1.6542797753e-24,0.30000000000000004,390.0,1.0,10.0
3155.5555555555557,2.3789276746e-24,0.30000000000000004,390.0,1.0,10.0
3166.6666666666665,1.4145329600e-23,0.30000000000000004,390.0,1.0,10.0
3177.777777777778,1.4132664623e-22,0.30000000000000004,390.0,1.0,10.0
3188.8888888888887,1.8376129007e-24,0.30000000000000004,390.0,1.0,10.0
3200.0,2.7810788783e-23,0.30000000000000004,390.0,1.0,10.0
3100.0,3.4656900352e-23,0.4,300.0,1.0,10.0
3111.1111111111113,2.8928949655e-23,0.4,300.0,1.0,10.0
3122.222222222222,3.9932624500e-22,0.4,300.0,1.0,10.0
3133.3333333333335,4.1241988081e-22,0.4,300.0,1.0,10.0
3144.4444444444443,2.8190029557e-24,0.4,300.0,1.0,10.0
3155.5555555555557,2.1332243283e-24,0.4,300.0,1.0,10.0
3166.6666666666665,1.0193406224e-23,0.4,300.0,1.0,10.0
3177.777777777778,3.1602785007e-22,0.4,300.0,1.0,10.0
3188.8888888888887,3.8061087030e-24,0.4,300.0,1.0,10.0
3200.0,5.3317590830e-23,0.4,300.0,1.0,10.0
3100.0,3.2997891053e-23,0.4,310.0,1.0,10.0
3111.1111111111113,2.8744817977e-23,0.4,310.0,1.0,10.0
3122.222222222222,3.9320113847e-22,0.4,310.0,1.0,10.0
3133.3333333333335,3.9541786788e-22,0.4,310.0,1.0,10.0
3144.4444444444443,2.7488792721e-24,0.4,310.0,1.0,10.0
3155.5555555555557,2.2413207243e-24,0.4,310.0,1.0,10.0
3166.6666666666665,1.0890252776e-23,0.4,310.0,1.0,10.0
3177.777777777778,2.9983648024e-22,0.4,310.0,1.0,10.0
3188.8888888888887,3.6550227305e-24,0.4,310.0,1.0,10.0
3200.0,5.1550465766e-23,0.4,310.0,1.0,10.0
3100.0,3.1470040754e-23,0.4,320.0,1.0,10.0
3111.1111111111113,2.8325974067e-23,0.4,320.0,1.0,10.0
3122.222222222222,3.8674018691e-22,0.4,320.0,1.0,10.0
3133.3333333333335,3.7949734623e-22,0.4,320.0,1.0,10.0
3144.4444444444443,2.6948546730e-24,0.4,320.0,1.0,10.0
3155.5555555555557,2.3333967457e-24,0.4,320.0,1.0,10.0
3166.6666666666665,1.1683563359e-23,0.4,320.0,1.0,10.0
3177.777777777778,2.8482618873e-22,0.4,320.0,1.0,10.0
3188.8888888888887,3.5271253144e-24,0.4,320.0,1.0,10.0
3200.0,4.9863816834e-23,0.4,320.0,1.0,10.0
3100.0,3.0040965364e-23,0.4,330.0,1.0,10.0
3111.1111111111113,2.8179327533e-23,0.4,330.0,1.0,10.0
3122.222222222222,3.8010596366e-22,0.4,330.0,1.0,10.0
3133.3333333333335,3.6457676756e-22,0.4,330.0,1.0,10.0
3144.4444444444443,2.6567921772e-24,0.4,330.0,1.0,10.0
3155.5555555555557,2.4517483144e-24,0.4,330.0,1.0,10.0
3166.6666666666665,1.2224180321e-23,0.4,330.0,1.0,10.0
3177.777777777778,2.7089636741e-22,0.4,330.0,1.0,10.0
3188.8888888888887,3.4225666727e-24,0.4,330.0,1.0,10.0
3200.0,4.8257124604e-23,0.4,330.0,1.0,10.0
3100.0,2.8703448699e-23,0.4,340.0,1.0,10.0
3111.1111111111113,2.8006651143e-23,0.4,340.0,1.0,10.0
3122.222222222222,3.7331214787e-22,0.4,340.0,1.0,10.0
3133.3333333333335,3.5027052335e-22,0.4,340.0,1.0,10.0
3144.4444444444443,2.3128535326e-24,0.4,340.0,1.0,10.0
3155.5555555555557,2.5787791820e-24,0.4,340.0,1.0,10.0
3166.6666666666665,1.3236450684e-23,0.4,340.0,1.0,10.0
3177.777777777778,2.5796034282e-22,0.4,340.0,1.0,10.0
3188.8888888888887,3.3410504180e-24,0.4,340.0,1.0,10.0
3200.0,4.6729407753e-23,0.4,340.0,1.0,10.0
3100.0,2.7450756376e-23,0.4,350.0,1.0,10.0
3111.1111111111113,2.7811167569e-23,0.4,350.0,1.0,10.0
3122.222222222222,3.6640945565e-22,0.4,350.0,1.0,10.0
3133.3333333333335,3.3715540564e-22,0.4,350.0,1.0,10.0
3144.4444444444443,2.3241217674e-24,0.4,350.0,1.0,10.0
3155.5555555555557,2.7132250495e-24,0.4,350.0,1.0,10.0
3166.6666666666665,1.4348100535e-23,0.4,350.0,1.0,10.0
3177.777777777778,2.4593557572e-22,0.4,350.0,1.0,10.0
3188.8888888888887,3.2810654742e-24,0.4,350.0,1.0,10.0
3200.0,4.5278361581e-23,0.4,350.0,1.0,10.0
3100.0,2.6183441721e-23,0.4,360.0,1.0,10.0
3111.1111111111113,2.7596905216e-23,0.4,360.0,1.0,10.0
3122.222222222222,3.5912827541e-22,0.4,360.0,1.0,10.0
3133.3333333333335,3.2478818882e-22,0.4,360.0,1.0,10.0
3144.4444444444443,2.3492461677e-24,0.4,360.0,1.0,10.0
3155.5555555555557,2.8579051129e-24,0.4,360.0,1.0,10.0
3166.6666666666665,1.5558776564e-23,0.4,360.0,1.0,10.0
3177.777777777778,2.3474933012e-22,0.4,360.0,1.0,10.0
3188.8888888888887,2.8764701811e-24,0.4,360.0,1.0,10.0
3200.0,4.3891412987e-23,0.4,360.0,1.0,10.0
3100.0,2.5080981583e-23,0.4,370.0,1.0,10.0
3111.1111111111113,2.7366742041e-23,0.4,370.0,1.0,10.0
3122.222222222222,3.5215299404e-22,0.4,370.0,1.0,10.0
3133.3333333333335,3.1323791566e-22,0.4,370.0,1.0,10.0
3144.4444444444443,2.3898694318e-24,0.4,370.0,1.0,10.0
3155.5555555555557,3.0109509019e-24,0.4,370.0,1.0,10.0
3166.6666666666665,1.6867246903e-23,0.4,370.0,1.0,10.0
3177.777777777778,2.2433548172e-22,0.4,370.0,1.0,10.0
3188.8888888888887,2.8754926758e-24,0.4,370.0,1.0,10.0
3200.0,4.2588591208e-23,0.4,370.0,1.0,10.0
3100.0,2.4046491654e-23,0.4,380.0,1.0,10.0
3111.1111111111113,2.7123567620e-23,0.4,380.0,1.0,10.0
3122.222222222222,3.4518203263e-22,0.4,380.0,1.0,10.0
3133.3333333333335,3.0242868321e-22,0.4,380.0,1.0,10.0
3144.4444444444443,2.4442546976e-24,0.4,380.0,1.0,10.0
3155.5555555555557,3.1743376228e-24,0.4,380.0,1.0,10.0
3166.6666666666665,1.8271773002e-23,0.4,380.0,1.0,10.0
3177.777777777778,2.1463195836e-22,0.4,380.0,1.0,10.0
3188.8888888888887,2.8906839159e-24,0.4,380.0,1.0,10.0
3200.0,4.1357026026e-23,0.4,380.0,1.0,10.0
3100.0,2.3074982431e-23,0.4,390.0,1.0,10.0
3111.1111111111113,2.6870017166e-23,0.4,390.0,1.0,10.0
3122.222222222222,3.3824247359e-22,0.4,390.0,1.0,10.0
3133.3333333333335,2.9227527869e-22,0.4,390.0,1.0,10.0
3144.4444444444443,2.5124796316e-24,0.4,390.0,1.0,10.0
3155.5555555555557,3.3561655985e-24,0.4,390.0,1.0,10.0
3166.6666666666665,1.9769472444e-23,0.4,390.0,1.0,10.0
3177.777777777778,2.0558823305e-22,0.4,390.0,1.0,10.0
3188.8888888888887,2.9209270000e-24,0.4,390.0,1.0,10.0
3200.0,4.0194285558e-23,0.4,390.0,1.0,10.0
3100.0,4.9392791262e-23,0.5,300.0,1.0,10.0
3111.1111111111113,4.1063822302e-23,0.5,300.0,1.0,10.0
3122.222222222222,5.0283084107e-22,0.5,300.0,1.0,10.0
3133.3333333333335,5.1858942689e-22,0.5,300.0,1.0,10.0
3144.4444444444443,4.0053900499e-24,0.5,300.0,1.0,10.0
3155.5555555555557,2.7456225500e-24,0.5,300.0,1.0,10.0
3166.6666666666665,1.3075864180e-23,0.5,300.0,1.0,10.0
3177.777777777778,4.1024234831e-22,0.5,300.0,1.0,10.0
3188.8888888888887,5.4515549218e-24,0.5,300.0,1.0,10.0
3200.0,6.9181690242e-23,0.5,300.0,1.0,10.0
3100.0,4.7007486364e-23,0.5,310.0,1.0,10.0
3111.1111111111113,4.0951490601e-23,0.5,310.0,1.0,10.0
3122.222222222222,4.9674384002e-22,0.5,310.0,1.0,10.0
3133.3333333333335,4.9885423922e-22,0.5,310.0,1.0,10.0
3144.4444444444443,3.9015283979e-24,0.5,310.0,1.0,10.0
3155.5555555555557,2.8848462512e-24,0.5,310.0,1.0,10.0
3166.6666666666665,1.3974083616e-23,0.5,310.0,1.0,10.0
3177.777777777778,3.9039836194e-22,0.5,310.0,1.0,10.0
3188.8888888888887,5.2365295097e-24,0.5,310.0,1.0,10.0
3200.0,6.7038510818e-23,0.5,310.0,1.0,10.0
3100.0,4.4859070243e-23,0.5,320.0,1.0,10.0
3111.1111111111113,4.0761526789e-23,0.5,320.0,1.0,10.0
3122.222222222222,4.9019902956e-22,0.5,320.0,1.0,10.0
3133.3333333333335,4.8030067871e-22,0.5,320.0,1.0,10.0
3144.4444444444443,3.8153291656e-24,0.5,320.0,1.0,10.0
3155.5555555555557,3.0311780678e-24,0.5,320.0,1.0,10.0
3166.6666666666665,1.5001343106e-23,0.5,320.0,1.0,10.0
3177.777777777778,3.7192757443e-22,0.5,320.0,1.0,10.0
3188.8888888888887,5.0594293665e-24,0.5,320.0,1.0,10.0
3200.0,6.4987409340e-23,0.5,320.0,1.0,10.0
3100.0,4.2847317506e-23,0.5,330.0,1.0,10.0
3111.1111111111113,4.0514568869e-23,0.5,330.0,1.0,10.0
3122.222222222222,4.8321497718e-22,0.5,330.0,1.0,10.0
3133.3333333333335,4.6285494285e-22,0.5,330.0,1.0,10.0
3144.4444444444443,3.7472226378e-24,0.5,330.0,1.0,10.0
3155.5555555555557,3.1801919503e-24,0.5,330.0,1.0,10.0
3166.6666666666665,1.6154731546e-23,0.5,330.0,1.0,10.0
3177.777777777778,3.5471734951e-22,0.5,330.0,1.0,10.0
3188.8888888888887,4.9158463399e-24,0.5,330.0,1.0,10.0
3200.0,6.3028353727e-23,0.5,330.0,1.0,10.0
3100.0,4.0939568124e-23,0.5,340.0,1.0,10.0
3111.1111111111113,4.0268966511e-23,0.5,340.0,1.0,10.0
3122.222222222222,4.7599780920e-22,0.5,340.0,1.0,10.0
3133.3333333333335,4.4644879105e-22,0.5,340.0,1.0,10.0
3144.4444444444443,3.7073399745e-24,0.5,340.0,1.0,10.0
3155.5555555555557,3.3056569491e-24,0.5,340.0,1.0,10.0
3166.6666666666665,1.7452664649e-23,0.5,340.0,1.0,10.0
3177.777777777778,3.3867923955e-22,0.5,340.0,1.0,10.0
3188.8888888888887,4.8000962396e-24,0.5,340.0,1.0,10.0
3200.0,6.1148797889e-23,0.5,340.0,1.0,10.0
3100.0,3.9171984108e-23,0.5,350.0,1.0,10.0
3111.1111111111113,3.9992177880e-23,0.5,350.0,1.0,10.0
3122.222222222222,4.6850409540e-22,0.5,350.0,1.0,10.0
3133.3333333333335,4.3101638040e-22,0.5,350.0,1.0,10.0
3144.4444444444443,3.6898794036e-24,0.5,350.0,1.0,10.0
3155.5555555555557,3.4879977043e-24,0.5,350.0,1.0,10.0
3166.6666666666665,1.8889513307e-23,0.5,350.0,1.0,10.0
3177.777777777778,3.2371409052e-22,0.5,350.0,1.0,10.0
3188.8888888888887,4.7177678265e-24,0.5,350.0,1.0,10.0
3200.0,5.9369779639e-23,0.5,350.0,1.0,10.0
3100.0,3.7513880913e-23,0.5,360.0,1.0,10.0
3111.1111111111113,3.9685579982e-23,0.5,360.0,1.0,10.0
3122.222222222222,4.6088821484e-22,0.5,360.0,1.0,10.0
3133.3333333333335,4.1649434334e-22,0.5,360.0,1.0,10.0
3144.4444444444443,3.6940311975e-24,0.5,360.0,1.0,10.0
3155.5555555555557,3.6848228565e-24,0.5,360.0,1.0,10.0
3166.6666666666665,2.0464330906e-23,0.5,360.0,1.0,10.0
3177.777777777778,3.0975324018e-22,0.5,360.0,1.0,10.0
3188.8888888888887,4.6642313379e-24,0.5,360.0,1.0,10.0
3200.0,5.7674019544e-23,0.5,360.0,1.0,10.0
3100.0,3.5928921291e-23,0.5,370.0,1.0,10.0
3111.1111111111113,3.9251394829e-23,0.5,370.0,1.0,10.0
3122.222222222222,4.5314982022e-22,0.5,370.0,1.0,10.0
3133.3333333333335,4.0282700496e-22,0.5,370.0,1.0,10.0
3144.4444444444443,3.7195108162e-24,0.5,370.0,1.0,10.0
3155.5555555555557,3.8962357937e-24,0.5,370.0,1.0,10.0
3166.6666666666665,2.2178009384e-23,0.5,370.0,1.0,10.0
3177.777777777778,2.9671387401e-22,0.5,370.0,1.0,10.0
3188.8888888888887,4.6382826911e-24,0.5,370.0,1.0,10.0
3200.0,5.6069297750e-23,0.5,370.0,1.0,10.0
3100.0,3.4468049870e-23,0.5,380.0,1.0,10.0
3111.1111111111113,3.8884075668e-23,0.5,380.0,1.0,10.0
3122.222222222222,4.4527775478e-22,0.5,380.0,1.0,10.0
3133.3333333333335,3.8995739746e-22,0.5,380.0,1.0,10.0
3144.4444444444443,3.7660030472e-24,0.5,380.0,1.0,10.0
3155.5555555555557,4.1240582143e-24,0.5,380.0,1.0,10.0
3166.6666666666665,2.4018579525e-23,0.5,380.0,1.0,10.0
3177.777777777778,2.8453380065e-22,0.5,380.0,1.0,10.0
3188.8888888888887,4.6389070827e-24,0.5,380.0,1.0,10.0
3200.0,5.4531737468e-23,0.5,380.0,1.0,10.0
3100.0,3.3095248023e-23,0.5,390.0,1.0,10.0
3111.1111111111113,3.8206704481e-23,0.5,390.0,1.0,10.0
3122.222222222222,4.3742963060e-22,0.5,390.0,1.0,10.0
3133.3333333333335,3.7782989504e-22,0.5,390.0,1.0,10.0
3144.4444444444443,3.8330617321e-24,0.5,390.0,1.0,10.0
3155.5555555555557,4.3468322577e-24,0.5,390.0,1.0,10.0
3166.6666666666665,2.5998296362e-23,0.5,390.0,1.0,10.0
3177.777777777778,2.7314770333e-22,0.5,390.0,1.0,10.0
3188.8888888888887,4.6601407033e-24,0.5,390.0,1.0,10.0
3200.0,5.3090793302e-23,0.5,390.0,1.0,10.0
3100.0,6.6663950489e-23,0.6,300.0,1.0,10.0
3111.1111111111113,5.4948036329e-23,0.6,300.0,1.0,10.0
3122.222222222222,5.9925151077e-22,0.6,300.0,1.0,10.0
3133.3333333333335,6.1669103495e-22,0.6,300.0,1.0,10.0
3144.4444444444443,5.3803762066e-24,0.6,300.0,1.0,10.0
3155.5555555555557,3.2844259069e-24,0.6,300.0,1.0,10.0
3166.6666666666665,1.6109747834e-23,0.6,300.0,1.0,10.0
3177.777777777778,5.0187619581e-22,0.6,300.0,1.0,10.0
3188.8888888888887,7.3756649148e-24,0.6,300.0,1.0,10.0
3200.0,8.5172205678e-23,0.6,300.0,1.0,10.0
3100.0,6.3609602037e-23,0.6,310.0,1.0,10.0
3111.1111111111113,5.4760645198e-23,0.6,310.0,1.0,10.0
3122.222222222222,5.9368230462e-22,0.6,310.0,1.0,10.0
3133.3333333333335,5.9495553220e-22,0.6,310.0,1.0,10.0
3144.4444444444443,5.2293638434e-24,0.6,310.0,1.0,10.0
3155.5555555555557,3.4670510911e-24,0.6,310.0,1.0,10.0
3166.6666666666665,1.7201993267e-23,0.6,310.0,1.0,10.0
3177.777777777778,4.7894587833e-22,0.6,310.0,1.0,10.0
3188.8888888888887,7.0883107248e-24,0.6,310.0,1.0,10.0
3200.0,8.2664950524e-23,0.6,310.0,1.0,10.0
3100.0,6.0402830349e-23,0.6,320.0,1.0,10.0
3111.1111111111113,5.4574821370e-23,0.6,320.0,1.0,10.0
3122.222222222222,5.8748071401e-22,0.6,320.0,1.0,10.0
3133.3333333333335,5.7420493127e-22,0.6,320.0,1.0,10.0
3144.4444444444443,5.1140996736e-24,0.6,320.0,1.0,10.0
3155.5555555555557,3.6589864720e-24,0.6,320.0,1.0,10.0
3166.6666666666665,1.8457059286e-23,0.6,320.0,1.0,10.0
3177.777777777778,4.5751654125e-22,0.6,320.0,1.0,10.0
3188.8888888888887,6.8494086866e-24,0.6,320.0,1.0,10.0
3200.0,8.0107151462e-23,0.6,320.0,1.0,10.0
3100.0,5.7711722845e-23,0.6,330.0,1.0,10.0
3111.1111111111113,5.4330120857e-23,0.6,330.0,1.0,10.0
3122.222222222222,5.8074936064e-22,0.6,330.0,1.0,10.0
3133.3333333333335,5.5486882502e-22,0.6,330.0,1.0,10.0
3144.4444444444443,5.0148984338e-24,0.6,330.0,1.0,10.0
3155.5555555555557,3.8646807463e-24,0.6,330.0,1.0,10.0
3166.6666666666665,1.9884349143e-23,0.6,330.0,1.0,10.0
3177.777777777778,4.3749768798e-22,0.6,330.0,1.0,10.0
3188.8888888888887,6.6561896534e-24,0.6,330.0,1.0,10.0
3200.0,7.7763828491e-23,0.6,330.0,1.0,10.0
3100.0,5.5206880324e-23,0.6,340.0,1.0,10.0
3111.1111111111113,5.3973202929e-23,0.6,340.0,1.0,10.0
3122.222222222222,5.7358230445e-22,0.6,340.0,1.0,10.0
3133.3333333333335,5.3663006018e-22,0.6,340.0,1.0,10.0
3144.4444444444443,4.9557932008e-24,0.6,340.0,1.0,10.0
3155.5555555555557,4.0789312559e-24,0.6,340.0,1.0,10.0
3166.6666666666665,2.1479581904e-23,0.6,340.0,1.0,10.0
3177.777777777778,4.1877536702e-22,0.6,340.0,1.0,10.0
3188.8888888888887,6.5060116437e-24,0.6,340.0,1.0,10.0
3200.0,7.5582519008e-23,0.6,340.0,1.0,10.0
3100.0,5.2798405432e-23,0.6,350.0,1.0,10.0
3111.1111111111113,5.3630164690e-23,0.6,350.0,1.0,10.0
3122.222222222222,5.6605829629e-22,0.6,350.0,1.0,10.0
3133.3333333333335,5.1935396964e-22,0.6,350.0,1.0,10.0
3144.4444444444443,4.9250735765e-24,0.6,350.0,1.0,10.0
3155.5555555555557,4.3116584113e-24,0.6,350.0,1.0,10.0
3166.6666666666665,2.3259312838e-23,0.6,350.0,1.0,10.0
3177.777777777778,4.0126097579e-22,0.6,350.0,1.0,10.0
3188.8888888888887,6.3890679053e-24,0.6,350.0,1.0,10.0
3200.0,7.3503123225e-23,0.6,350.0,1.0,10.0
3100.0,5.0519848181e-23,0.6,360.0,1.0,10.0
3111.1111111111113,5.3247470289e-23,0.6,360.0,1.0,10.0
3122.222222222222,5.5824794751e-22,0.6,360.0,1.0,10.0
3133.3333333333335,5.0312851023e-22,0.6,360.0,1.0,10.0
3144.4444444444443,4.9226923100e-24,0.6,360.0,1.0,10.0
3155.5555555555557,4.5552305183e-24,0.6,360.0,1.0,10.0
3166.6666666666665,2.5218271539e-23,0.6,360.0,1.0,10.0
3177.777777777778,3.8486818178e-22,0.6,360.0,1.0,10.0
3188.8888888888887,6.3194087754e-24,0.6,360.0,1.0,10.0
3200.0,7.1522026167e-23,0.6,360.0,1.0,10.0
3100.0,4.8366863757e-23,0.6,370.0,1.0,10.0
3111.1111111111113,5.2834481444e-23,0.6,370.0,1.0,10.0
3122.222222222222,5.5020264562e-22,0.6,370.0,1.0,10.0
3133.3333333333335,4.8781731393e-22,0.6,370.0,1.0,10.0
3144.4444444444443,4.9481696888e-24,0.6,370.0,1.0,10.0
3155.5555555555557,4.8182296149e-24,0.6,370.0,1.0,10.0
3166.6666666666665,2.7355749085e-23,0.6,370.0,1.0,10.0
3177.777777777778,3.6951801890e-22,0.6,370.0,1.0,10.0
3188.8888888888887,6.2830917927e-24,0.6,370.0,1.0,10.0
3200.0,6.9641135670e-23,0.6,370.0,1.0,10.0
3100.0,4.6422397867e-23,0.6,380.0,1.0,10.0
3111.1111111111113,5.2343336047e-23,0.6,380.0,1.0,10.0
3122.222222222222,5.4200316455e-22,0.6,380.0,1.0,10.0
3133.3333333333335,4.7336440812e-22,0.6,380.0,1.0,10.0
3144.4444444444443,4.9995596004e-24,0.6,380.0,1.0,10.0
3155.5555555555557,5.1089178691e-24,0.6,380.0,1.0,10.0
3166.6666666666665,2.9669297916e-23,0.6,380.0,1.0,10.0
3177.777777777778,3.5513933980e-22,0.6,380.0,1.0,10.0
3188.8888888888887,6.2869492476e-24,0.6,380.0,1.0,10.0
3200.0,6.7856410689e-23,0.6,380.0,1.0,10.0
3100.0,4.4593565825e-23,0.6,390.0,1.0,10.0
3111.1111111111113,5.1817781551e-23,0.6,390.0,1.0,10.0
3122.222222222222,5.3368176990e-22,0.6,390.0,1.0,10.0
3133.3333333333335,4.5970626136e-22,0.6,390.0,1.0,10.0
3144.4444444444443,5.0594649214e-24,0.6,390.0,1.0,10.0
3155.5555555555557,5.4118211756e-24,0.6,390.0,1.0,10.0
3166.6666666666665,3.2145208407e-23,0.6,390.0,1.0,10.0
3177.777777777778,3.4166188776e-22,0.6,390.0,1.0,10.0
3188.8888888888887,6.3255971463e-24,0.6,390.0,1.0,10.0
3200.0,6.6165322585e-23,0.6,390.0,1.0,10.0
3100.0,8.5539979826e-23,0.7000000000000001,300.0,1.0,10.0
3111.1111111111113,7.0489970079e-23,0.7000000000000001,300.0,1.0,10.0
3122.222222222222,6.8831090891e-22,0.7000000000000001,300.0,1.0,10.0
3133.3333333333335,7.0558566458e-22,0.7000000000000001,300.0,1.0,10.0
3144.4444444444443,6.9257591161e-24,0.7000000000000001,300.0,1.0,10.0
3155.5555555555557,3.8259274568e-24,0.7000000000000001,300.0,1.0,10.0
3166.6666666666665,1.9305478513e-23,0.7000000000000001,300.0,1.0,10.0
3177.777777777778,5.8883947711e-22,0.7000000000000001,300.0,1.0,10.0
3188.8888888888887,9.5668298097e-24,0.7000000000000001,300.0,1.0,10.0
3200.0,1.0078033352e-22,0.7000000000000001,300.0,1.0,10.0
3100.0,8.1679678150e-23,0.7000000000000001,310.0,1.0,10.0
3111.1111111111113,7.0358356132e-23,0.7000000000000001,310.0,1.0,10.0
3122.222222222222,6.8357323844e-22,0.7000000000000001,310.0,1.0,10.0
3133.3333333333335,6.8241844786e-22,0.7000000000000001,310.0,1.0,10.0
3144.4444444444443,6.7374615688e-24,0.7000000000000001,310.0,1.0,10.0
3155.5555555555557,4.0476392284e-24,0.7000000000000001,310.0,1.0,10.0
3166.6666666666665,2.0580798430e-23,0.7000000000000001,310.0,1.0,10.0
3177.777777777778,5.6339076247e-22,0.7000000000000001,310.0,1.0,10.0
3188.8888888888887,9.1898018736e-24,0.7000000000000001,310.0,1.0,10.0
3200.0,9.7922575036e-23,0.7000000000000001,310.0,1.0,10.0
3100.0,7.8060625968e-23,0.7000000000000001,320.0,1.0,10.0
3111.1111111111113,7.0141436516e-23,0.7000000000000001,320.0,1.0,10.0
3122.222222222222,6.7804523951e-22,0.7000000000000001,320.0,1.0,10.0
3133.3333333333335,6.6051874642e-22,0.7000000000000001,320.0,1.0,10.0
3144.4444444444443,6.5849952813e-24,0.7000000000000001,320.0,1.0,10.0
3155.5555555555557,4.2811718020e-24,0.7000000000000001,320.0,1.0,10.0
3166.6666666666665,2.2055414457e-23,0.7000000000000001,320.0,1.0,10.0
3177.777777777778,5.3955289884e-22,0.7000000000000001,320.0,1.0,10.0
3188.8888888888887,8.8814585390e-24,0.7000000000000001,320.0,1.0,10.0
3200.0,9.5194981905e-23,0.7000000000000001,320.0,1.0,10.0
3100.0,7.4591488074e-23,0.7000000000000001,330.0,1.0,10.0
3111.1111111111113,6.9683144000e-23,0.7000000000000001,330.0,1.0,10.0
3122.222222222222,6.7169315548e-22,0.7000000000000001,330.0,1.0,10.0
3133.3333333333335,6.3946591087e-22,0.7000000000000001,330.0,1.0,10.0
3144.4444444444443,6.4649215854e-24,0.7000000000000001,330.0,1.0,10.0
3155.5555555555557,4.5267928867e-24,0.7000000000000001,330.0,1.0,10.0
3166.6666666666665,2.3711078699e-23,0.7000000000000001,330.0,1.0,10.0
3177.777777777778,5.1720894456e-22,0.7000000000000001,330.0,1.0,10.0
3188.8888888888887,8.6320759758e-24,0.7000000000000001,330.0,1.0,10.0
3200.0,9.2585416937e-23,0.7000000000000001,330.0,1.0,10.0
3100.0,7.1398543239e-23,0.7000000000000001,340.0,1.0,10.0
3111.1111111111113,6.9332876011e-23,0.7000000000000001,340.0,1.0,10.0
3122.222222222222,6.6491977743e-22,0.7000000000000001,340.0,1.0,10.0
3133.3333333333335,6.1991574477e-22,0.7000000000000001,340.0,1.0,10.0
3144.4444444444443,6.3726101960e-24,0.7000000000000001,340.0,1.0,10.0
3155.5555555555557,4.7957426857e-24,0.7000000000000001,340.0,1.0,10.0
3166.6666666666665,2.5607945822e-23,0.7000000000000001,340.0,1.0,10.0
3177.777777777778,4.9625704769e-22,0.7000000000000001,340.0,1.0,10.0
3188.8888888888887,8.4387383946e-24,0.7000000000000001,340.0,1.0,10.0
3200.0,9.0092452396e-23,0.7000000000000001,340.0,1.0,10.0
3100.0,6.8397749010e-23,0.7000000000000001,350.0,1.0,10.0
3111.1111111111113,6.8923081196e-23,0.7000000000000001,350.0,1.0,10.0
3122.222222222222,6.5766870794e-22,0.7000000000000001,350.0,1.0,10.0
3133.3333333333335,6.0143535665e-22,0.7000000000000001,350.0,1.0,10.0
3144.4444444444443,6.3250646990e-24,0.7000000000000001,350.0,1.0,10.0
3155.5555555555557,5.0623514188e-24,0.7000000000000001,350.0,1.0,10.0
3166.6666666666665,2.7722947443e-23,0.7000000000000001,350.0,1.0,10.0
3177.777777777778,4.7660157896e-22,0.7000000000000001,350.0,1.0,10.0
3188.8888888888887,8.2986740136e-24,0.7000000000000001,350.0,1.0,10.0
3200.0,8.7715224613e-23,0.7000000000000001,350.0,1.0,10.0
3100.0,6.5575556556e-23,0.7000000000000001,360.0,1.0,10.0
3111.1111111111113,6.8401767510e-23,0.7000000000000001,360.0,1.0,10.0
3122.222222222222,6.5001967486e-22,0.7000000000000001,360.0,1.0,10.0
3133.3333333333335,5.8396517674e-22,0.7000000000000001,360.0,1.0,10.0
3144.4444444444443,6.3119010594e-24,0.7000000000000001,360.0,1.0,10.0
3155.5555555555557,5.3727100935e-24,0.7000000000000001,360.0,1.0,10.0
3166.6666666666665,3.0058718312e-23,0.7000000000000001,360.0,1.0,10.0
3177.777777777778,4.5815655465e-22,0.7000000000000001,360.0,1.0,10.0
3188.8888888888887,8.2072311425e-24,0.7000000000000001,360.0,1.0,10.0
3200.0,8.5451513968e-23,0.7000000000000001,360.0,1.0,10.0
3100.0,6.2562530051e-23,0.7000000000000001,370.0,1.0,10.0
3111.1111111111113,6.7903375401e-23,0.7000000000000001,370.0,1.0,10.0
3122.222222222222,6.4204198762e-22,0.7000000000000001,370.0,1.0,10.0
3133.3333333333335,5.6718083916e-22,0.7000000000000001,370.0,1.0,10.0
3144.4444444444443,6.3218929518e-24,0.7000000000000001,370.0,1.0,10.0
3155.5555555555557,5.7021145579e-24,0.7000000000000001,370.0,1.0,10.0
3166.6666666666665,3.2614151424e-23,0.7000000000000001,370.0,1.0,10.0
3177.777777777778,4.4080921571e-22,0.7000000000000001,370.0,1.0,10.0
3188.8888888888887,8.1666378068e-24,0.7000000000000001,370.0,1.0,10.0
3200.0,8.3143517733e-23,0.7000000000000001,370.0,1.0,10.0
3100.0,6.0053229899e-23,0.7000000000000001,380.0,1.0,10.0
3111.1111111111113,6.7369170679e-23,0.7000000000000001,380.0,1.0,10.0
3122.222222222222,6.3380435692e-22,0.7000000000000001,380.0,1.0,10.0
3133.3333333333335,5.5150708591e-22,0.7000000000000001,380.0,1.0,10.0
3144.4444444444443,6.3737214830e-24,0.7000000000000001,380.0,1.0,10.0
3155.5555555555557,6.0615654009e-24,0.7000000000000001,380.0,1.0,10.0
3166.6666666666665,3.5386132090e-23,0.7000000000000001,380.0,1.0,10.0
3177.777777777778,4.2455302671e-22,0.7000000000000001,380.0,1.0,10.0
3188.8888888888887,8.1729370431e-24,0.7000000000000001,380.0,1.0,10.0
3200.0,8.1053438818e-23,0.7000000000000001,380.0,1.0,10.0
3100.0,5.7716048829e-23,0.7000000000000001,390.0,1.0,10.0
3111.1111111111113,6.6714397609e-23,0.7000000000000001,390.0,1.0,10.0
3122.222222222222,6.2536153695e-22,0.7000000000000001,390.0,1.0,10.0
3133.3333333333335,5.3673126750e-22,0.7000000000000001,390.0,1.0,10.0
3144.4444444444443,6.4324206674e-24,0.7000000000000001,390.0,1.0,10.0
3155.5555555555557,6.4461221053e-24,0.7000000000000001,390.0,1.0,10.0
3166.6666666666665,3.8374300318e-23,0.7000000000000001,390.0,1.0,10.0
3177.777777777778,4.0929167904e-22,0.7000000000000001,390.0,1.0,10.0
3188.8888888888887,8.2245251787e-24,0.7000000000000001,390.0,1.0,10.0
3200.0,7.9124683346e-23,0.7000000000000001,390.0,1.0,10.0
3100.0,1.0618498366e-22,0.8,300.0,1.0,10.0
3111.1111111111113,8.7296495586e-23,0.8,300.0,1.0,10.0
3122.222222222222,7.7030228031e-22,0.8,300.0,1.0,10.0
3133.3333333333335,7.8514526297e-22,0.8,300.0,1.0,10.0
3144.4444444444443,8.8315721404e-24,0.8,300.0,1.0,10.0
3155.5555555555557,4.3354684658e-24,0.8,300.0,1.0,10.0
3166.6666666666665,2.2869997991e-23,0.8,300.0,1.0,10.0
3177.777777777778,6.7051451051e-22,0.8,300.0,1.0,10.0
3188.8888888888887,1.2039575534e-23,0.8,300.0,1.0,10.0
3200.0,1.1616311058e-22,0.8,300.0,1.0,10.0
3100.0,1.0140493098e-22,0.8,310.0,1.0,10.0
3111.1111111111113,8.7180258791e-23,0.8,310.0,1.0,10.0
3122.222222222222,7.6660008275e-22,0.8,310.0,1.0,10.0
3133.3333333333335,7.6102554789e-22,0.8,310.0,1.0,10.0
3144.4444444444443,8.5792700147e-24,0.8,310.0,1.0,10.0
3155.5555555555557,4.5917269147e-24,0.8,310.0,1.0,10.0
3166.6666666666665,2.4130358310e-23,0.8,310.0,1.0,10.0
3177.777777777778,6.4304099578e-22,0.8,310.0,1.0,10.0
3188.8888888888887,1.1568216394e-23,0.8,310.0,1.0,10.0
3200.0,1.1297764527e-22,0.8,310.0,1.0,10.0
3100.0,9.6988477641e-23,0.8,320.0,1.0,10.0
3111.1111111111113,8.6956895947e-23,0.8,320.0,1.0,10.0
3122.222222222222,7.6196298016e-22,0.8,320.0,1.0,10.0
3133.3333333333335,7.3818180091e-22,0.8,320.0,1.0,10.0
3144.4444444444443,8.1984838525e-24,0.8,320.0,1.0,10.0
3155.5555555555557,4.8679920372e-24,0.8,320.0,1.0,10.0
3166.6666666666665,2.5805290143e-23,0.8,320.0,1.0,10.0
3177.777777777778,6.1723846972e-22,0.8,320.0,1.0,10.0
3188.8888888888887,1.1181454136e-23,0.8,320.0,1.0,10.0
3200.0,1.0992670359e-22,0.8,320.0,1.0,10.0
3100.0,9.2834581216e-23,0.8,330.0,1.0,10.0
3111.1111111111113,8.6638445433e-23,0.8,330.0,1.0,10.0
3122.222222222222,7.5631555898e-22,0.8,330.0,1.0,10.0
3133.3333333333335,7.1655228327e-22,0.8,330.0,1.0,10.0
3144.4444444444443,8.0389669912e-24,0.8,330.0,1.0,10.0
3155.5555555555557,5.1653135942e-24,0.8,330.0,1.0,10.0
3166.6666666666665,2.7724536346e-23,0.8,330.0,1.0,10.0
3177.777777777778,5.9266059588e-22,0.8,330.0,1.0,10.0
3188.8888888888887,1.0855920080e-23,0.8,330.0,1.0,10.0
3200.0,1.0700919673e-22,0.8,330.0,1.0,10.0
3100.0,8.8913749999e-23,0.8,340.0,1.0,10.0
3111.1111111111113,8.6233460179e-23,0.8,340.0,1.0,10.0
3122.222222222222,7.5010949277e-22,0.8,340.0,1.0,10.0
3133.3333333333335,6.9580229071e-22,0.8,340.0,1.0,10.0
3144.4444444444443,7.9270538082e-24,0.8,340.0,1.0,10.0
3155.5555555555557,5.4850590464e-24,0.8,340.0,1.0,10.0
3166.6666666666665,2.9836968243e-23,0.8,340.0,1.0,10.0
3177.777777777778,5.6989607020e-22,0.8,340.0,1.0,10.0
3188.8888888888887,1.0614245409e-23,0.8,340.0,1.0,10.0
3200.0,1.0422325524e-22,0.8,340.0,1.0,10.0
3100.0,8.5224516602e-23,0.8,350.0,1.0,10.0
3111.1111111111113,8.5756796459e-23,0.8,350.0,1.0,10.0
3122.222222222222,7.4335549221e-22,0.8,350.0,1.0,10.0
3133.3333333333335,6.7641962402e-22,0.8,350.0,1.0,10.0
3144.4444444444443,7.8578766832e-24,0.8,350.0,1.0,10.0
3155.5555555555557,5.8292113157e-24,0.8,350.0,1.0,10.0
3166.6666666666665,3.2261645987e-23,0.8,350.0,1.0,10.0
3177.777777777778,5.4840236568e-22,0.8,350.0,1.0,10.0
3188.8888888888887,1.0430105526e-23,0.8,350.0,1.0,10.0
3200.0,1.0156018052e-22,0.8,350.0,1.0,10.0
3100.0,8.1761310464e-23,0.8,360.0,1.0,10.0
3111.1111111111113,8.5216662261e-23,0.8,360.0,1.0,10.0
3122.222222222222,7.3611959303e-22,0.8,360.0,1.0,10.0
3133.3333333333335,6.5805996812e-22,0.8,360.0,1.0,10.0
3144.4444444444443,7.8326312320e-24,0.8,360.0,1.0,10.0
3155.5555555555557,6.1951176762e-24,0.8,360.0,1.0,10.0
3166.6666666666665,3.4956222716e-23,0.8,360.0,1.0,10.0
3177.777777777778,5.2826615727e-22,0.8,360.0,1.0,10.0
3188.8888888888887,1.0319300454e-23,0.8,360.0,1.0,10.0
3200.0,9.9017399394e-23,0.8,360.0,1.0,10.0
3100.0,7.8494693290e-23,0.8,370.0,1.0,10.0
3111.1111111111113,8.4622244310e-23,0.8,370.0,1.0,10.0
3122.222222222222,7.2846120890e-22,0.8,370.0,1.0,10.0
3133.3333333333335,6.4030643942e-22,0.8,370.0,1.0,10.0
3144.4444444444443,7.8497486834e-24,0.8,370.0,1.0,10.0
3155.5555555555557,6.5940675055e-24,0.8,370.0,1.0,10.0
3166.6666666666665,3.7880438403e-23,0.8,370.0,1.0,10.0
3177.777777777778,5.0935193673e-22,0.8,370.0,1.0,10.0
3188.8888888888887,1.0269747715e-23,0.8,370.0,1.0,10.0
3200.0,9.6610637682e-23,0.8,370.0,1.0,10.0
3100.0,7.5327246231e-23,0.8,380.0,1.0,10.0
3111.1111111111113,8.3821842216e-23,0.8,380.0,1.0,10.0
3122.222222222222,7.2027403605e-22,0.8,380.0,1.0,10.0
3133.3333333333335,6.2387186509e-22,0.8,380.0,1.0,10.0
3144.4444444444443,7.9075666731e-24,0.8,380.0,1.0,10.0
3155.5555555555557,7.0073220813e-24,0.8,380.0,1.0,10.0
3166.6666666666665,4.1097470376e-23,0.8,380.0,1.0,10.0
3177.777777777778,4.9156580092e-22,0.8,380.0,1.0,10.0
3188.8888888888887,1.0279528621e-23,0.8,380.0,1.0,10.0
3200.0,9.4324780684e-23,0.8,380.0,1.0,10.0
3100.0,7.2431066222e-23,0.8,390.0,1.0,10.0
3111.1111111111113,8.3149511133e-23,0.8,390.0,1.0,10.0
3122.222222222222,7.1197224187e-22,0.8,390.0,1.0,10.0
3133.3333333333335,6.0830538919e-22,0.8,390.0,1.0,10.0
3144.4444444444443,8.0015171828e-24,0.8,390.0,1.0,10.0
3155.5555555555557,7.4693263787e-24,0.8,390.0,1.0,10.0
3166.6666666666665,4.4570698685e-23,0.8,390.0,1.0,10.0
3177.777777777778,4.7484122002e-22,0.8,390.0,1.0,10.0
3188.8888888888887,1.0346437850e-23,0.8,390.0,1.0,10.0
3200.0,9.2155484033e-23,0.8,390.0,1.0,10.0
3100.0,1.2857642509e-22,0.9,300.0,1.0,10.0
3111.1111111111113,1.0538524398e-22,0.9,300.0,1.0,10.0
3122.222222222222,8.4580798809e-22,0.9,300.0,1.0,10.0
3133.3333333333335,8.5582370821e-22,0.9,300.0,1.0,10.0
3144.4444444444443,1.0884030274e-23,0.9,300.0,1.0,10.0
3155.5555555555557,4.8513078240e-24,0.9,300.0,1.0,10.0
3166.6666666666665,2.6350288601e-23,0.9,300.0,1.0,10.0
3177.777777777778,7.4550684007e-22,0.9,300.0,1.0,10.0
3188.8888888888887,1.4813219182e-23,0.9,300.0,1.0,10.0
3200.0,1.3139599998e-22,0.9,300.0,1.0,10.0
3100.0,1.2300102201e-22,0.9,310.0,1.0,10.0
3111.1111111111113,1.0529749846e-22,0.9,310.0,1.0,10.0
3122.222222222222,8.4324573858e-22,0.9,310.0,1.0,10.0
3133.3333333333335,8.3107974358e-22,0.9,310.0,1.0,10.0
3144.4444444444443,1.0570865632e-23,0.9,310.0,1.0,10.0
3155.5555555555557,5.1476439268e-24,0.9,310.0,1.0,10.0
3166.6666666666665,2.7930361228e-23,0.9,310.0,1.0,10.0
3177.777777777778,7.1646437381e-22,0.9,310.0,1.0,10.0
3188.8888888888887,1.4223203494e-23,0.9,310.0,1.0,10.0
3200.0,1.2786010377e-22,0.9,310.0,1.0,10.0
3100.0,1.1774753946e-22,0.9,320.0,1.0,10.0
3111.1111111111113,1.0508391308e-22,0.9,320.0,1.0,10.0
3122.222222222222,8.3922545655e-22,0.9,320.0,1.0,10.0
3133.3333333333335,8.0758817362e-22,0.9,320.0,1.0,10.0
3144.4444444444443,1.0309520387e-23,0.9,320.0,1.0,10.0
3155.5555555555557,5.4647720868e-24,0.9,320.0,1.0,10.0
3166.6666666666665,2.9784675446e-23,0.9,320.0,1.0,10.0
3177.777777777778,6.8914172277e-22,0.9,320.0,1.0,10.0
3188.8888888888887,1.3748469697e-23,0.9,320.0,1.0,10.0
3200.0,1.2446915908e-22,0.9,320.0,1.0,10.0
3100.0,1.1252831740e-22,0.9,330.0,1.0,10.0
3111.1111111111113,1.0475339934e-22,0.9,330.0,1.0,10.0
3122.222222222222,8.3470251216e-22,0.9,330.0,1.0,10.0
3133.3333333333335,7.8535002697e-22,0.9,330.0,1.0,10.0
3144.4444444444443,1.0036401753e-23,0.9,330.0,1.0,10.0
3155.5555555555557,5.7985931635e-24,0.9,330.0,1.0,10.0
3166.6666666666665,3.1918847433e-23,0.9,330.0,1.0,10.0
3177.777777777778,6.6342121296e-22,0.9,330.0,1.0,10.0
3188.8888888888887,1.3361539350e-23,0.9,330.0,1.0,10.0
3200.0,1.2123778527e-22,0.9,330.0,1.0,10.0
3100.0,1.0786135989e-22,0.9,340.0,1.0,10.0
3111.1111111111113,1.0431932934e-22,0.9,340.0,1.0,10.0
3122.222222222222,8.2937437660e-22,0.9,340.0,1.0,10.0
3133.3333333333335,7.6424648680e-22,0.9,340.0,1.0,10.0
3144.4444444444443,9.8062598621e-24,0.9,340.0,1.0,10.0
3155.5555555555557,6.1595577652e-24,0.9,340.0,1.0,10.0
3166.6666666666665,3.4339404128e-23,0.9,340.0,1.0,10.0
3177.777777777778,6.3920734834e-22,0.9,340.0,1.0,10.0
3188.8888888888887,1.3037197321e-23,0.9,340.0,1.0,10.0
3200.0,1.1815424355e-22,0.9,340.0,1.0,10.0
3100.0,1.0338652346e-22,0.9,350.0,1.0,10.0
3111.1111111111113,1.0379322283e-22,0.9,350.0,1.0,10.0
3122.222222222222,8.2334549409e-22,0.9,350.0,1.0,10.0
3133.3333333333335,7.4427734862e-22,0.9,350.0,1.0,10.0
3144.4444444444443,9.7016514906e-24,0.9,350.0,1.0,10.0
3155.5555555555557,6.5584603784e-24,0.9,350.0,1.0,10.0
3166.6666666666665,3.6896174017e-23,0.9,350.0,1.0,10.0
3177.777777777778,6.1640802196e-22,0.9,350.0,1.0,10.0
3188.8888888888887,1.2816647419e-23,0.9,350.0,1.0,10.0
3200.0,1.1520699055e-22,0.9,350.0,1.0,10.0
3100.0,9.9249000945e-23,0.9,360.0,1.0,10.0
3111.1111111111113,1.0318899835e-22,0.9,360.0,1.0,10.0
3122.222222222222,8.1671063627e-22,0.9,360.0,1.0,10.0
3133.3333333333335,7.2535635033e-22,0.9,360.0,1.0,10.0
3144.4444444444443,9.4775421480e-24,0.9,360.0,1.0,10.0
3155.5555555555557,6.9851579278e-24,0.9,360.0,1.0,10.0
3166.6666666666665,3.9929232694e-23,0.9,360.0,1.0,10.0
3177.777777777778,5.9492108666e-22,0.9,360.0,1.0,10.0
3188.8888888888887,1.2681808589e-23,0.9,360.0,1.0,10.0
3200.0,1.1241024534e-22,0.9,360.0,1.0,10.0
3100.0,9.5346926564e-23,0.9,370.0,1.0,10.0
3111.1111111111113,1.0251688931e-22,0.9,370.0,1.0,10.0
3122.222222222222,8.0939555078e-22,0.9,370.0,1.0,10.0
3133.3333333333335,7.0742737823e-22,0.9,370.0,1.0,10.0
3144.4444444444443,9.4774061769e-24,0.9,370.0,1.0,10.0
3155.5555555555557,7.4433927510e-24,0.9,370.0,1.0,10.0
3166.6666666666665,4.3265367418e-23,0.9,370.0,1.0,10.0
3177.777777777778,5.7436346141e-22,0.9,370.0,1.0,10.0
3188.8888888888887,1.2620049890e-23,0.9,370.0,1.0,10.0
3200.0,1.0975091803e-22,0.9,370.0,1.0,10.0
3100.0,9.1667962288e-23,0.9,380.0,1.0,10.0
3111.1111111111113,1.0178689224e-22,0.9,380.0,1.0,10.0
3122.222222222222,8.0172329959e-22,0.9,380.0,1.0,10.0
3133.3333333333335,6.9011908528e-22,0.9,380.0,1.0,10.0
3144.4444444444443,9.5315973162e-24,0.9,380.0,1.0,10.0
3155.5555555555557,7.9438315645e-24,0.9,380.0,1.0,10.0
3166.6666666666665,4.6826182847e-23,0.9,380.0,1.0,10.0
3177.777777777778,5.5534407969e-22,0.9,380.0,1.0,10.0
3188.8888888888887,1.2621099385e-23,0.9,380.0,1.0,10.0
3200.0,1.0722626461e-22,0.9,380.0,1.0,10.0
3100.0,8.8174027992e-23,0.9,390.0,1.0,10.0
3111.1111111111113,1.0100383848e-22,0.9,390.0,1.0,10.0
3122.222222222222,7.9368545321e-22,0.9,390.0,1.0,10.0
3133.3333333333335,6.7401256511e-22,0.9,390.0,1.0,10.0
3144.4444444444443,9.6365335580e-24,0.9,390.0,1.0,10.0
3155.5555555555557,8.4838154578e-24,0.9,390.0,1.0,10.0
3166.6666666666665,5.0762563689e-23,0.9,390.0,1.0,10.0
3177.777777777778,5.3734611427e-22,0.9,390.0,1.0,10.0
3188.8888888888887,1.2691739959e-23,0.9,390.0,1.0,10.0
3200.0,1.0482496253e-22,0.9,390.0,1.0,10.0
