 63 6300.057030 6.238E-28 0.000E+00.07280.060  813.87680.65-.016800            3V2         GROUND 13  1          14  1         344422443335 5 1 5E    0.0    0.0
 63 6300.716120 8.818E-28 0.000E+00.05850.090  824.64000.65-.009300            3V2         GROUND 13  3          14  3         344422443335 5 1 5E    0.0    0.0
 63 6300.751690 7.820E-28 0.000E+00.06520.106  824.64000.65-.010100            3V2         GROUND 13  3          14  3         344422443335 5 1 5E    0.0    0.0
 63 6301.295030 3.627E-28 0.000E+00.05800.085  834.06520.65-.001400            3V2         GROUND 13  4          14  4         344422443335 5 1 5E    0.0    0.0
 63 6301.713420 5.659E-28 0.000E+00.04320.072  846.19350.65-.017400            3V2         GROUND 13  5          14  5         344422443335 5 1 5E    0.0    0.0
 63 6302.066670 7.820E-28 0.000E+00.05080.071  861.03260.65-.014200            3V2         GROUND 13  6          14  6         344422443335 5 1 5E    0.0    0.0
 63 6308.888210 7.266E-28 0.000E+00.06100.075  705.80830.65-.009200            3V2         GROUND 12  1          13  1         344422443335 5 1 5E    0.0    0.0
 63 6309.502620 4.926E-28 0.000E+00.06470.129  704.46020.65-.037500            3V2         GROUND 12  0          13  0         344422443335 5 1 5E    0.0    0.0
 63 6310.621130 6.496E-28 0.000E+00.05530.073  709.85360.65-.014100            3V2         GROUND 12  2          13  2         344422443335 5 1 5E    0.0    0.0
 63 6311.222840 8.781E-28 0.000E+00.05220.075  716.59850.65-.009500            3V2         GROUND 12  3          13  3         344422443335 5 1 5E    0.0    0.0
 63 6311.265050 7.063E-28 0.000E+00.05300.083  716.59850.65-.012500            3V2         GROUND 12  3          13  3         344422443335 5 1 5E    0.0    0.0
 63 6311.889580 9.981E-28 0.000E+00.05480.081  726.04750.65-.013100            3V2         GROUND 12  4          13  4         344422443335 5 1 5E    0.0    0.0
 63 6312.467780 9.920E-28 0.000E+00.05180.071  738.20640.65-.014200            3V2         GROUND 12  5          13  5         344422443335 5 1 5E    0.0    0.0
 63 6312.847320 1.406E-27 0.000E+00.04980.074  753.08310.65-.014500            3V2         GROUND 12  6          13  6         344422443335 5 1 5E    0.0    0.0
 63 6319.670830 8.306E-28 0.000E+00.05630.072  604.03480.65-.008000            3V2         GROUND 11  0          12  0         344422443335 5 1 5E    0.0    0.0
 63 6320.082700 9.507E-28 0.000E+00.06100.083  605.38610.65-.011000            3V2         GROUND 11  1          12  1         344422443335 5 1 5E    0.0    0.0
 63 6321.534780 9.926E-28 0.000E+00.05100.072  609.44080.65-.007000            3V2         GROUND 11  2          12  2         344422443335 5 1 5E    0.0    0.0
 63 6321.846310 1.505E-27 0.000E+00.05690.067  616.20150.65-.010300            3V2         GROUND 11  3          12  3         344422443335 5 1 5E    0.0    0.0
 63 6321.898580 1.671E-27 0.000E+00.05840.077  616.20150.65-.021300            3V2         GROUND 11  3          12  3         344422443335 5 1 5E    0.0    0.0
 63 6322.389700 1.518E-27 0.000E+00.05450.072  625.67270.65-.017500            3V2         GROUND 11  4          12  4         344422443335 5 1 5E    0.0    0.0
 63 6322.915370 8.953E-28 0.000E+00.05300.075  637.86020.65-.010300            3V2         GROUND 11  5          12  5         344422443335 5 1 5E    0.0    0.0
 63 6323.433390 1.738E-27 0.000E+00.05850.067  652.77210.65-.011500            3V2         GROUND 11  6          12  6         344422443335 5 1 5E    0.0    0.0
 63 6330.256230 1.028E-27 0.000E+00.06390.087  511.27200.65-.007800            3V2         GROUND 10  0          11  0         344422443335 5 1 5E    0.0    0.0
 63 6330.805380 1.796E-27 0.000E+00.06110.074  512.62620.65-.013500            3V2         GROUND 10  1          11  1         344422443335 5 1 5E    0.0    0.0
 63 6330.916770 5.449E-28 0.000E+00.06440.087  511.27200.65-.008500            3V2         GROUND 10  0          11  0         344422443335 5 1 5E    0.0    0.0
 63 6331.855050 1.316E-27 0.000E+00.07090.066  516.68970.650.014500            3V2         GROUND 10  2          11  2         344422443335 5 1 5E    0.0    0.0
 63 6332.165490 2.643E-27 0.000E+00.06470.077  523.46510.65-.003500            3V2         GROUND 10  3          11  3         344422443335 5 1 5E    0.0    0.0
 63 6332.259680 2.158E-27 0.000E+00.05920.071  523.46510.65-.032400            3V2         GROUND 10  3          11  3         344422443335 5 1 5E    0.0    0.0
 63 6332.725980 2.750E-27 0.000E+00.05430.077  532.95680.65-.012100            3V2         GROUND 10  4          11  4         344422443335 5 1 5E    0.0    0.0
 63 6333.297900 1.491E-27 0.000E+00.05140.075  545.17090.65-.009900            3V2         GROUND 10  5          11  5         344422443335 5 1 5E    0.0    0.0
 63 6333.737600 2.790E-27 0.000E+00.05360.077  560.11540.65-.010900            3V2         GROUND 10  6          11  6         344422443335 5 1 5E    0.0    0.0
 63 6340.531680 1.913E-27 0.000E+00.06090.081  426.18670.65-.012200            3V2         GROUND  9  0          10  0         344422443335 5 1 5E    0.0    0.0
 63 6341.168160 3.195E-27 0.000E+00.06170.082  427.54360.65-.011700            3V2         GROUND  9  1          10  1         344422443335 5 1 5E    0.0    0.0
 63 6341.929620 2.502E-27 0.000E+00.05940.084  431.61510.65-.013900            3V2         GROUND  9  2          10  2         344422443335 5 1 5E    0.0    0.0
 63 6342.062270 1.199E-27 0.000E+00.06460.085  431.61510.65-.013800            3V2         GROUND 10  2          10  2         344422443335 5 1 5E    0.0    0.0
 63 6342.145180 3.550E-27 0.000E+00.06040.081  438.40410.65-.013900            3V2         GROUND  9  3          10  3         344422443335 5 1 5E    0.0    0.0
 63 6342.165060 3.661E-27 0.000E+00.05300.075  438.40410.65-.014700            3V2         GROUND  9  3          10  3         344422443335 5 1 5E    0.0    0.0
 63 6342.781780 3.104E-27 0.000E+00.05530.078  447.91470.65-.011100            3V2         GROUND  9  4          10  4         344422443335 5 1 5E    0.0    0.0
 63 6342.989410 1.856E-27 0.000E+00.06470.083  426.18670.65-.011200            3V2         GROUND 10  0          10  0         344422443335 5 1 5E    0.0    0.0
 63 6343.401340 2.478E-27 0.000E+00.05570.077  460.15330.65-.011800            3V2         GROUND  9  5          10  5         344422443335 5 1 5E    0.0    0.0
 63 6343.850790 3.582E-27 0.000E+00.05470.080  475.12790.65-.012500            3V2         GROUND  9  6          10  6         344422443335 5 1 5E    0.0    0.0
 63 6349.502580 1.666E-27 0.000E+00.06480.088  348.79250.67-.014900            3V2         GROUND  8  0           9  0         344422443335 5 1 5E    0.0    0.0
 63 6350.282110 1.412E-27 0.000E+00.06200.086  348.79250.67-.015400            3V2         GROUND  8  0           9  0         344422443335 5 1 5E    0.0    0.0
 63 6351.141990 3.695E-27 0.000E+00.06140.083  350.15180.67-.012100            3V2         GROUND  8  1           9  1         344422443335 5 1 5E    0.0    0.0
 63 6351.547670 1.632E-27 0.000E+00.06200.071  354.23080.67-.016300            3V2         GROUND  9  2           9  2         344422443335 5 1 5E    0.0    0.0
 63 6351.770960 4.601E-27 0.000E+00.05960.085  354.23080.67-.014300            3V2         GROUND  8  2           9  2         344422443335 5 1 5E    0.0    0.0
 63 6351.916240 2.401E-27 0.000E+00.05890.073  361.03210.67-.006600            3V2         GROUND  8  3           9  3         344422443335 5 1 5E    0.0    0.0
 63 6351.952380 6.440E-27 0.000E+00.06110.081  361.03210.67-.012900            3V2         GROUND  8  3           9  3         344422443335 5 1 5E    0.0    0.0
 63 6352.631890 3.779E-27 0.000E+00.05630.079  370.56010.67-.010900            3V2         GROUND  8  4           9  4         344422443335 5 1 5E    0.0    0.0
 63 6352.857840 2.345E-27 0.000E+00.06410.088  348.79250.67-.013100            3V2         GROUND  9  0           9  0         344422443335 5 1 5E    0.0    0.0
 63 6353.247820 3.021E-27 0.000E+00.05700.078  382.82110.67-.010400            3V2         GROUND  8  5           9  5         344422443335 5 1 5E    0.0    0.0
 63 6353.753150 4.010E-27 0.000E+00.05940.083  397.82300.67-.014500            3V2         GROUND  8  6           9  6         344422443335 5 1 5E    0.0    0.0
 63 6359.171190 2.082E-27 0.000E+00.06500.088  279.10190.67-.012200            3V2         GROUND  7  0           8  0         344422443335 5 1 5E    0.0    0.0
 63 6360.114650 1.016E-27 0.000E+00.06330.082  279.10190.67-.010400            3V2         GROUND  7  0           8  0         344422443335 5 1 5E    0.0    0.0
 63 6360.951820 6.015E-27 0.000E+00.06200.086  280.46350.67-.011000            3V2         GROUND  7  1           8  1         344422443335 5 1 5E    0.0    0.0
 63 6361.358980 5.738E-27 0.000E+00.06130.083  284.54920.67-.015100            3V2         GROUND  7  2           8  2         344422443335 5 1 5E    0.0    0.0
 63 6361.517480 9.129E-27 0.000E+00.05790.072  291.36160.67-.011600            3V2         GROUND  7  3           8  3         344422443335 5 1 5E    0.0    0.0
 63 6362.242460 4.443E-27 0.000E+00.05850.083  300.90530.67-.009700            3V2         GROUND  7  4           8  4         344422443335 5 1 5E    0.0    0.0
 63 6362.586020 2.730E-27 0.000E+00.06660.089  279.10190.67-.013700            3V2         GROUND  8  0           8  0         344422443335 5 1 5E    0.0    0.0
 63 6362.864630 3.375E-27 0.000E+00.05980.084  313.18650.67-.015000            3V2         GROUND  7  5           8  5         344422443335 5 1 5E    0.0    0.0
 63 6363.183780 3.781E-27 0.000E+00.06250.081  328.21320.67-.015400            3V2         GROUND  7  6           8  6         344422443335 5 1 5E    0.0    0.0
 63 6369.019910 4.970E-27 0.000E+00.06360.070  217.12630.72-.009600            3V2         GROUND  6  0           7  0         344422443335 5 1 5E    0.0    0.0
 63 6370.433970 7.127E-27 0.000E+00.06330.084  218.48990.72-.012300            3V2         GROUND  6  1           7  1         344422443335 5 1 5E    0.0    0.0
 63 6370.576320 2.097E-27 0.000E+00.06630.080  222.58150.72-.009400            3V2         GROUND  7  2           7  2         344422443335 5 1 5E    0.0    0.0
 63 6370.754020 4.839E-27 0.000E+00.06040.083  222.58150.72-.013100            3V2         GROUND  6  2           7  2         344422443335 5 1 5E    0.0    0.0
 63 6370.861270 1.163E-26 0.000E+00.05850.080  229.40390.72-.011800            3V2         GROUND  6  3           7  3         344422443335 5 1 5E    0.0    0.0
 63 6371.626950 4.808E-27 0.000E+00.06200.083  238.96150.72-.012800            3V2         GROUND  6  4           7  4         344422443335 5 1 5E    0.0    0.0
 63 6372.137670 2.973E-27 0.000E+00.06590.089  217.12630.72-.014900            3V2         GROUND  7  0           7  0         344422443335 5 1 5E    0.0    0.0
 63 6372.251820 3.295E-27 0.000E+00.06410.090  251.26070.72-.015100            3V2         GROUND  6  5           7  5         344422443335 5 1 5E    0.0    0.0
 63 6372.659670 3.143E-27 0.000E+00.06800.089  266.30970.72-.019400            3V2         GROUND  6  6           7  6         344422443335 5 1 5E    0.0    0.0
 63 6378.263500 5.787E-27 0.000E+00.06570.082  162.87560.73-.009400            3V2         GROUND  5  0           6  0         344422443335 5 1 5E    0.0    0.0
 63 6379.596060 8.449E-27 0.000E+00.06510.081  164.24090.73-.007100            3V2         GROUND  5  1           6  1         344422443335 5 1 5E    0.0    0.0
 63 6379.832100 7.579E-27 0.000E+00.06290.083  168.33780.73-.014400            3V2         GROUND  5  2           6  2         344422443335 5 1 5E    0.0    0.0
 63 6379.937850 1.145E-26 0.000E+00.06180.082  175.16890.73-.013400            3V2         GROUND  5  3           6  3         344422443335 5 1 5E    0.0    0.0
 63 6380.781170 4.440E-27 0.000E+00.06690.086  184.73880.73-.013800            3V2         GROUND  5  4           6  4         344422443335 5 1 5E    0.0    0.0
 63 6381.407200 2.259E-27 0.000E+00.06960.088  197.05390.73-.021900            3V2         GROUND  5  5           6  5         344422443335 5 1 5E    0.0    0.0
 63 6381.480150 3.026E-27 0.000E+00.06490.085  162.87560.73-.011500            3V2         GROUND  6  0           6  0         344422443335 5 1 5E    0.0    0.0
 63 6387.230830 6.517E-27 0.000E+00.06580.086  116.35860.72-.009600            3V2         GROUND  4  0           5  0         344422443335 5 1 5E    0.0    0.0
 63 6388.527430 9.091E-27 0.000E+00.06510.085  117.72550.72-.013700            3V2         GROUND  4  1           5  1         344422443335 5 1 5E    0.0    0.0
 63 6388.730270 8.930E-27 0.000E+00.06460.085  128.66540.72-.013200            3V2         GROUND  4  3           5  3         344422443335 5 1 5E    0.0    0.0
 63 6388.816320 7.489E-27 0.000E+00.06270.084  121.82680.72-.013900            3V2         GROUND  4  2           5  2         344422443335 5 1 5E    0.0    0.0
 63 6389.704750 3.130E-27 0.000E+00.06960.090  138.24590.72-.014800            3V2         GROUND  4  4           5  4         344422443335 5 1 5E    0.0    0.0
 63 6390.435260 2.271E-27 0.000E+00.06460.088  128.66540.72-.012000            3V2         GROUND  5  3           5  3         344422443335 5 1 5E    0.0    0.0
 63 6390.579560 2.850E-27 0.000E+00.06440.086  116.35860.72-.015300            3V2         GROUND  5  0           5  0         344422443335 5 1 5E    0.0    0.0
 63 6395.939170 6.605E-27 0.000E+00.06690.089   77.58290.75-.012400            3V2         GROUND  3  0           4  0         344422443335 5 1 5E    0.0    0.0
 63 6397.222580 8.607E-27 0.000E+00.06410.086   78.95100.75-.013700            3V2         GROUND  3  1           4  1         344422443335 5 1 5E    0.0    0.0
 63 6397.244930 4.777E-27 0.000E+00.07080.092   89.90100.75-.010000            3V2         GROUND  3  3           4  3         344422443335 5 1 5E    0.0    0.0
 63 6397.491950 6.840E-27 0.000E+00.06630.085   83.05610.75-.011800            3V2         GROUND  3  2           4  2         344422443335 5 1 5E    0.0    0.0
 63 6398.835090 2.651E-27 0.000E+00.06710.096   89.90100.75-.010500            3V2         GROUND  4  3           4  3         344422443335 5 1 5E    0.0    0.0
 63 6399.403590 2.864E-27 0.000E+00.06660.086   77.58290.75-.017400            3V2         GROUND  4  0           4  0         344422443335 5 1 5E    0.0    0.0
 63 6404.397620 5.901E-27 0.000E+00.06690.090   46.55480.80-.013200            3V2         GROUND  2  0           3  0         344422443335 5 1 5E    0.0    0.0
 63 6405.682540 7.164E-27 0.000E+00.06480.087   47.92390.80-.015000            3V2         GROUND  2  1           3  1         344422443335 5 1 5E    0.0    0.0
 63 6405.952940 4.573E-27 0.000E+00.07030.088   52.03200.80-.009500            3V2         GROUND  2  2           3  2         344422443335 5 1 5E    0.0    0.0
 63 6407.935800 2.397E-27 0.000E+00.06670.082   46.55480.80-.012800            3V2         GROUND  3  0           3  0         344422443335 5 1 5E    0.0    0.0
 63 6409.295400 4.791E-28 0.000E+00.05990.076  726.04750.65-.004300            3V2         GROUND 13  4          13  4         344422443335 5 1 5E    0.0    0.0
 63 6409.701720 3.621E-28 0.000E+00.05230.068  738.20640.65-.008000            3V2         GROUND 13  5          13  5         344422443335 5 1 5E    0.0    0.0
 63 6410.016850 5.154E-28 0.000E+00.05070.069  753.08310.65-.014400            3V2         GROUND 13  6          13  6         344422443335 5 1 5E    0.0    0.0
 63 6411.618550 1.638E-28 0.000E+00.06310.058  616.20150.650.010200            3V2         GROUND 12  3          12  3         344422443335 5 1 5E    0.0    0.0
 63 6411.677900 8.504E-28 0.000E+00.03660.057  616.20150.65-.014600            3V2         GROUND 12  3          12  3         344422443335 5 1 5E    0.0    0.0
 63 6412.263450 3.922E-28 0.000E+00.05390.083  625.67270.65-.009700            3V2         GROUND 12  4          12  4         344422443335 5 1 5E    0.0    0.0
 63 6412.616130 4.498E-27 0.000E+00.06640.087   23.27930.80-.012900            3V2         GROUND  1  0           2  0         344422443335 5 1 5E    0.0    0.0
 63 6412.814540 6.041E-28 0.000E+00.05280.074  637.86020.65-.015000            3V2         GROUND 12  5          12  5         344422443335 5 1 5E    0.0    0.0
 63 6413.158060 1.219E-27 0.000E+00.05110.073  652.77210.65-.012400            3V2         GROUND 12  6          12  6         344422443335 5 1 5E    0.0    0.0
 63 6413.907840 4.541E-27 0.000E+00.06680.095   24.64910.80-.013400            3V2         GROUND  1  1           2  1         344422443335 5 1 5E    0.0    0.0
 63 6414.285430 2.100E-28 0.000E+00.06510.098  516.68970.65-.005700            3V2         GROUND 11  2          11  2         344422443335 5 1 5E    0.0    0.0
 63 6414.583200 5.185E-28 0.000E+00.06640.085  523.46510.65-.010800            3V2         GROUND 11  3          11  3         344422443335 5 1 5E    0.0    0.0
 63 6414.634230 3.916E-28 0.000E+00.06530.083  523.46510.65-.024500            3V2         GROUND 11  3          11  3         344422443335 5 1 5E    0.0    0.0
 63 6415.106450 7.020E-28 0.000E+00.05240.081  532.95680.65-.011500            3V2         GROUND 11  4          11  4         344422443335 5 1 5E    0.0    0.0
 63 6415.608730 8.140E-28 0.000E+00.05830.076  545.17090.65-.012100            3V2         GROUND 11  5          11  5         344422443335 5 1 5E    0.0    0.0
 63 6416.090830 2.046E-27 0.000E+00.05290.078  560.11540.65-.016900            3V2         GROUND 11  6          11  6         344422443335 5 1 5E    0.0    0.0
 63 6416.186720 1.720E-27 0.000E+00.07050.083   23.27930.80-.010900            3V2         GROUND  2  0           2  0         344422443335 5 1 5E    0.0    0.0
 63 6416.930220 1.496E-28 0.000E+00.06350.073  431.61510.650.004200            3V2         GROUND 10  2          10  2         344422443335 5 1 5E    0.0    0.0
 63 6417.228470 6.391E-28 0.000E+00.06140.092  438.40410.65-.008500            3V2         GROUND 10  3          10  3         344422443335 5 1 5E    0.0    0.0
 63 6417.321380 5.887E-28 0.000E+00.06100.080  438.40410.65-.013400            3V2         GROUND 10  3          10  3         344422443335 5 1 5E    0.0    0.0
 63 6417.767620 1.342E-27 0.000E+00.05750.081  447.91470.65-.014300            3V2         GROUND 10  4          10  4         344422443335 5 1 5E    0.0    0.0
 63 6418.316290 1.296E-27 0.000E+00.05720.079  460.15330.65-.010800            3V2         GROUND 10  5          10  5         344422443335 5 1 5E    0.0    0.0
 63 6418.724630 3.760E-27 0.000E+00.05440.078  475.12790.65-.011900            3V2         GROUND 10  6          10  6         344422443335 5 1 5E    0.0    0.0
 63 6419.315430 2.562E-28 0.000E+00.06930.091  354.23080.67-.009400            3V2         GROUND  9  2           9  2         344422443335 5 1 5E    0.0    0.0
 63 6419.447740 1.404E-28 0.000E+00.05950.101  354.23080.67-.004700            3V2         GROUND  9  2           9  2         344422443335 5 1 5E    0.0    0.0
 63 6419.519280 9.125E-28 0.000E+00.05860.078  361.03210.67-.003600            3V2         GROUND  9  3           9  3         344422443335 5 1 5E    0.0    0.0
 63 6419.537850 1.009E-27 0.000E+00.06670.087  361.03210.67-.010200            3V2         GROUND  9  3           9  3         344422443335 5 1 5E    0.0    0.0
 63 6420.136960 1.909E-27 0.000E+00.05830.098  370.56010.67-.015100            3V2         GROUND  9  4           9  4         344422443335 5 1 5E    0.0    0.0
 63 6420.603450 2.441E-27 0.000E+00.06760.096    7.76020.65-.008600            3V2         GROUND  0  0           1  0         344422443335 5 1 5E    0.0    0.0
 63 6420.733490 2.661E-27 0.000E+00.05670.080  382.82110.67-.012900            3V2         GROUND  9  5           9  5         344422443335 5 1 5E    0.0    0.0
 63 6420.830260 1.416E-28 0.000E+00.05020.064  280.46350.670.024900            3V2         GROUND  8  1           8  1         344422443335 5 1 5E    0.0    0.0
 63 6421.155550 6.357E-27 0.000E+00.05710.080  397.82300.67-.011300            3V2         GROUND  9  6           9  6         344422443335 5 1 5E    0.0    0.0
 63 6421.193130 2.358E-28 0.000E+00.04730.118  284.54920.670.005900            3V2         GROUND  8  2           8  2         344422443335 5 1 5E    0.0    0.0
 63 6421.459240 2.435E-27 0.000E+00.05350.081  284.54920.67-.012000            3V2         GROUND  8  2           8  2         344422443335 5 1 5E    0.0    0.0
 63 6421.585920 8.233E-28 0.000E+00.06930.067  291.36160.67-.017600            3V2         GROUND  8  3           8  3         344422443335 5 1 5E    0.0    0.0
 63 6421.621970 1.975E-27 0.000E+00.06380.078  291.36160.67-.015600            3V2         GROUND  8  3           8  3         344422443335 5 1 5E    0.0    0.0
 63 6422.286270 2.941E-27 0.000E+00.05700.079  300.90530.67-.009500            3V2         GROUND  8  4           8  4         344422443335 5 1 5E    0.0    0.0
 63 6422.882360 4.275E-27 0.000E+00.05910.082  313.18650.67-.011900            3V2         GROUND  8  5           8  5         344422443335 5 1 5E    0.0    0.0
 63 6422.924360 2.272E-28 0.000E+00.05300.137  218.48990.72-.002000            3V2         GROUND  7  1           7  1         344422443335 5 1 5E    0.0    0.0
 63 6423.326690 1.040E-27 0.000E+00.05890.075  222.58150.72-.007900            3V2         GROUND  7  2           7  2         344422443335 5 1 5E    0.0    0.0
 63 6423.363030 9.476E-27 0.000E+00.05960.084  328.21320.67-.010400            3V2         GROUND  8  6           8  6         344422443335 5 1 5E    0.0    0.0
 63 6423.475130 4.158E-27 0.000E+00.06050.074  229.40390.72-.012000            3V2         GROUND  7  3           7  3         344422443335 5 1 5E    0.0    0.0
 63 6424.186040 5.658E-27 0.000E+00.06170.085  238.96150.72-.011700            3V2         GROUND  7  4           7  4         344422443335 5 1 5E    0.0    0.0
 63 6424.683570 4.840E-28 0.000E+00.06940.069  164.24090.73-.010600            3V2         GROUND  6  1           6  1         344422443335 5 1 5E    0.0    0.0
 63 6424.790640 6.633E-27 0.000E+00.06160.082  251.26070.72-.010800            3V2         GROUND  7  5           7  5         344422443335 5 1 5E    0.0    0.0
 63 6424.790640 6.633E-27 0.000E+00.06160.082  168.33780.73-.010800            3V2         GROUND  6  2           6  2         344422443335 5 1 5E    0.0    0.0
 63 6424.996700 1.235E-27 0.000E+00.06650.078  168.33780.730.004400            3V2         GROUND  6  2           6  2         344422443335 5 1 5E    0.0    0.0
 63 6425.089700 1.818E-26 0.000E+00.06200.079  266.30970.72-.011200            3V2         GROUND  7  6           7  6         344422443335 5 1 5E    0.0    0.0
 63 6425.849440 6.909E-27 0.000E+00.06520.088  184.73880.73-.014700            3V2         GROUND  6  4           6  4         344422443335 5 1 5E    0.0    0.0
 63 6426.110940 6.361E-28 0.000E+00.07290.081  117.72550.72-.025800            3V2         GROUND  5  1           5  1         344422443335 5 1 5E    0.0    0.0
 63 6426.343420 2.345E-27 0.000E+00.07250.078  121.82680.72-.000300            3V2         GROUND  5  2           5  2         344422443335 5 1 5E    0.0    0.0
 63 6426.448990 1.802E-26 0.000E+00.06930.079  128.66540.72-.011000            3V2         GROUND  5  3           5  3         344422443335 5 1 5E    0.0    0.0
 63 6426.846920 2.522E-26 0.000E+00.05400.077  212.12230.73-.013600            3V2         GROUND  6  6           6  6         344422443335 5 1 5E    0.0    0.0
 63 6427.274180 1.056E-26 0.000E+00.06690.088  138.24590.72-.013800            3V2         GROUND  5  4           5  4         344422443335 5 1 5E    0.0    0.0
 63 6427.494640 1.437E-26 0.000E+00.06570.087   89.90100.75-.011700            3V2         GROUND  4  3           4  3         344422443335 5 1 5E    0.0    0.0
 63 6427.586970 3.906E-27 0.000E+00.06590.086   83.05610.75-.009900            3V2         GROUND  4  2           4  2         344422443335 5 1 5E    0.0    0.0
 63 6427.886410 1.551E-26 0.000E+00.05770.078  150.57460.72-.013900            3V2         GROUND  5  5           5  5         344422443335 5 1 5E    0.0    0.0
 63 6428.265530 1.858E-26 0.000E+00.06640.086   58.88200.80-.012000            3V2         GROUND  3  3           3  3         344422443335 5 1 5E    0.0    0.0
 63 6428.460820 1.575E-26 0.000E+00.06200.085   99.49030.75-.013000            3V2         GROUND  4  4           4  4         344422443335 5 1 5E    0.0    0.0
 63 6428.516080 6.364E-27 0.000E+00.06550.092   52.03200.80-.014000            3V2         GROUND  3  2           3  2         344422443335 5 1 5E    0.0    0.0
 63 6428.951860 5.766E-27 0.000E+00.05060.070   24.64910.80-.021200            3V2         GROUND  2  1           2  1         344422443335 5 1 5E    0.0    0.0
 63 6429.225160 1.022E-26 0.000E+00.06690.083   28.75950.80-.013100            3V2         GROUND  2  2           2  2         344422443335 5 1 5E    0.0    0.0
 63 6429.225160 1.022E-26 0.000E+00.06690.083   89.90100.75-.013100            3V2         GROUND  4  3           4  3         344422443335 5 1 5E    0.0    0.0
 63 6429.424690 4.426E-27 0.000E+00.06760.099    9.13050.65-.008600            3V2         GROUND  1  1           1  1         344422443335 5 1 5E    0.0    0.0
 63 6429.844960 7.820E-27 0.000E+00.06540.084   58.88200.80-.007800            3V2         GROUND  3  3           3  3         344422443335 5 1 5E    0.0    0.0
 63 6435.895680 2.543E-27 0.000E+00.06490.091    0.00000.63-.010900            3V2         GROUND  1  0           0  0         344422443335 5 1 5E    0.0    0.0
 63 6439.467560 1.018E-27 0.000E+00.06740.090    0.00000.63-.011700            3V2         GROUND  0  0           0  0         344422443335 5 1 5E    0.0    0.0
 63 6443.191970 4.937E-27 0.000E+00.06660.087    7.76020.65-.012100            3V2         GROUND  2  0           1  0         344422443335 5 1 5E    0.0    0.0
 63 6444.475770 5.128E-27 0.000E+00.06630.089    9.13050.65-.011700            3V2         GROUND  2  1           1  1         344422443335 5 1 5E    0.0    0.0
 63 6446.730310 2.034E-27 0.000E+00.06690.091    7.76020.65-.008600            3V2         GROUND  1  0           1  0         344422443335 5 1 5E    0.0    0.0
 63 6450.242700 6.946E-27 0.000E+00.06680.089   23.27930.80-.010800            3V2         GROUND  3  0           2  0         344422443335 5 1 5E    0.0    0.0
 63 6451.524370 8.510E-27 0.000E+00.06410.086   24.64910.80-.011300            3V2         GROUND  3  1           2  1         344422443335 5 1 5E    0.0    0.0
 63 6451.788790 5.299E-27 0.000E+00.07000.092   28.75950.80-.011900            3V2         GROUND  3  2           2  2         344422443335 5 1 5E    0.0    0.0
